Frames#,score_overall,nose_score,nose_x,nose_y,leftEye_score,leftEye_x,leftEye_y,rightEye_score,rightEye_x,rightEye_y,leftEar_score,leftEar_x,leftEar_y,rightEar_score,rightEar_x,rightEar_y,leftShoulder_score,leftShoulder_x,leftShoulder_y,rightShoulder_score,rightShoulder_x,rightShoulder_y,leftElbow_score,leftElbow_x,leftElbow_y,rightElbow_score,rightElbow_x,rightElbow_y,leftWrist_score,leftWrist_x,leftWrist_y,rightWrist_score,rightWrist_x,rightWrist_y,leftHip_score,leftHip_x,leftHip_y,rightHip_score,rightHip_x,rightHip_y,leftKnee_score,leftKnee_x,leftKnee_y,rightKnee_score,rightKnee_x,rightKnee_y,leftAnkle_score,leftAnkle_x,leftAnkle_y,rightAnkle_score,rightAnkle_x,rightAnkle_y
0,0.8959874528295854,0.9997961521148682,205.7373321190309,75.44124989027388,0.999902069568634,228.56744316186797,59.47797110911166,0.999335765838623,192.9830692591292,59.57504443908005,0.9989093542098999,256.5902058462079,78.02929824657654,0.9988752603530884,161.25400500351122,74.23502375570575,0.9626388549804688,306.08952554424155,195.52461431267557,0.9217081069946289,122.57274841994382,195.09492681267557,0.9952743053436279,327.8173005179073,340.1176538360253,0.9921135902404785,107.55066603757021,338.84908268960675,0.9912898540496826,319.8876953125,477.8581460674157,0.9756619930267334,94.84369513693821,479.35640142205057,0.7683329582214355,264.98633909761236,462.6977264747191,0.9283056259155273,152.93558527914325,460.64398261938203,0.8983591794967651,243.38496861832863,625.3077817766854,0.9864515662193298,171.45949460147472,609.5150105337078,0.424793541431427,236.4940583304073,740.6177032127808,0.39003852009773254,173.45000877808985,734.6813004740168
1,0.893553623381783,0.9997352361679077,204.3836135007022,75.28701610779494,0.9998984932899475,225.09011257900278,59.80684087517556,0.9996622800827026,190.86535507373594,59.51937900500351,0.9988940954208374,254.45114992977528,79.28228828344452,0.9986846446990967,160.73404033532302,74.24157303370787,0.9541375637054443,305.30616331636236,195.24264560656601,0.9367120265960693,121.3204441713483,195.4419219627809,0.9936243295669556,325.58939387289325,343.05002962605334,0.9921436309814453,106.27811731917134,339.52469386411514,0.9854679107666016,313.85596800386236,479.6144224016854,0.9655501842498779,94.3660984682233,480.24562192766854,0.782778263092041,267.2493855337079,452.6416015625,0.9263948202133179,152.69723270716293,456.0269816537921,0.9017624855041504,251.0766052931882,619.9515559164325,0.9854509234428406,170.41896177141854,610.6939628686797,0.37189048528671265,234.53459664676967,741.8422467521067,0.3976242244243622,172.87018850948033,735.0915115870787
2,0.890516929766711,0.9996854662895203,202.0354195926966,74.81675737359551,0.9998881816864014,224.07284168714887,60.23460131012991,0.9997460842132568,188.59484726123594,59.75494727659761,0.9989895224571228,252.86258997542132,79.65506221471207,0.9984644055366516,159.34910463483146,74.26375828432234,0.9523950815200806,310.5114334620786,198.9530756232444,0.9496688842773438,120.35724082689606,195.37142292837078,0.9924702644348145,323.78972085674155,342.504059866573,0.9935519099235535,104.22608793451545,340.2966720066713,0.9944227933883667,321.37994316186797,477.00228230337075,0.9071321487426758,105.42162262991573,478.21667617626406,0.778549075126648,268.0808078037219,456.47806574789325,0.9139655828475952,151.41165401158707,454.72508119733146,0.9143692255020142,250.22507571102528,619.834258690309,0.983330249786377,168.6418374736657,611.7606653792135,0.37504005432128906,233.60093706109552,741.7630793539325,0.3871188759803772,172.66788096910113,736.3457360428371
3,0.8917466121561387,0.9996685981750488,200.24200096558985,74.8288821102528,0.9998708963394165,223.29888847436797,60.461967553985254,0.9997168779373169,187.0032424069522,59.55596580933989,0.9984359741210938,250.7055389747191,81.17622289764746,0.9986340999603271,158.14779560217698,73.28722321585323,0.9648596048355103,306.6813608233848,197.77502852879212,0.965356171131134,118.81119974543537,195.93921447068118,0.9932199716567993,322.45424420646066,342.62717257724717,0.9945865869522095,103.57471251755618,342.42999473314603,0.995069146156311,320.06984067766854,478.8481500175562,0.9123459458351135,102.98280865958566,477.30572989817415,0.7636146545410156,265.01250877808985,453.92671392205057,0.9070478677749634,150.59888518258424,454.2134557145365,0.9219266176223755,248.9380705758427,621.2715063202247,0.9861925840377808,167.5456734989466,611.9498332162921,0.35662513971328735,233.78736174508424,739.9279099367977,0.40252166986465454,173.3178985252809,736.4968837780899
4,0.8878094711724449,0.9996474981307983,199.48823735955057,74.96517567152388,0.9998498558998108,222.59902782654495,60.43926110428371,0.9997338652610779,186.32579331987358,59.54732487710674,0.9982218742370605,249.55349697155896,81.18557704968399,0.9987074136734009,156.35865629389042,72.85485428370787,0.9679557085037231,304.8661615607444,197.36834236745085,0.9662376642227173,117.69640976123594,195.95479558023175,0.9946543574333191,321.0437697507022,341.56082667661514,0.9974223375320435,101.50445488061797,339.1483058286517,0.9958052039146423,319.3375285287921,478.8049179248595,0.8659648895263672,99.51998935656601,475.30350245786514,0.7585969567298889,263.56996686271066,452.22071958391854,0.9192484617233276,146.9332097085674,455.0170349806882,0.9350541234016418,248.21802032127806,620.9473204880618,0.9869111776351929,166.63434317942415,612.1784475948034,0.33447346091270447,231.07284717345505,739.9923740344101,0.37427616119384766,173.20603274227528,736.3253818469101
5,0.8838875574224135,0.9995580911636353,207.84695400280896,76.1304808198736,0.9998229742050171,221.38776114817415,60.41726787438553,0.9996825456619263,185.390350684691,59.73049206680126,0.998752236366272,249.11640295821627,79.80201978362008,0.9983207583427429,155.0432046611657,72.65814277563202,0.9703095555305481,303.6374484287219,198.1059076544944,0.9687033891677856,116.88767336727528,196.19494491748594,0.9948289394378662,321.0692262113764,342.33944324964887,0.9974983334541321,99.56574515010533,338.97049464536514,0.9963526129722595,317.8099488676264,478.8900105337079,0.8725040555000305,96.78743855337078,475.3562258602528,0.7563292980194092,263.22778594627806,448.14850882198033,0.876396894454956,147.78668692942415,454.9195981829354,0.9492560029029846,245.34802383251406,624.290620610955,0.970882773399353,165.8862853318118,614.5868811446629,0.3264418840408325,233.50048279494382,739.6695597787921,0.3504481315612793,172.31834840238764,738.1002567591291
6,0.8902606753741994,0.9997215270996094,206.36005530196627,75.56561073560393,0.9997803568840027,220.40680960323033,60.11804473534059,0.9996864795684814,184.1057046611657,59.77625471822331,0.9984744787216187,248.28174376755618,79.40946771857443,0.9976813197135925,154.64662701896066,73.62782681925913,0.9701277017593384,302.43965063202245,197.43973292661516,0.9623824954032898,115.42801417661516,194.96757593047752,0.9930998086929321,320.6296359287219,342.80171940835675,0.9979119896888733,96.76205067152387,338.58700184339887,0.9953984022140503,316.70722875702245,478.2043868504213,0.9752764701843262,91.50682770804073,477.28987447331457,0.676977276802063,258.9258361130618,449.7529790642556,0.8859771490097046,145.68622717696627,457.6400105337079,0.9528932571411133,244.0349313114466,624.0979964009831,0.9769586324691772,164.99415708391854,614.0040708391854,0.33019691705703735,233.24567130442415,738.8593420821629,0.42188721895217896,171.5475223841292,737.4078300561797
7,0.8953059245558346,0.9997744560241699,205.22581636235952,76.03706274139746,0.9998302459716797,226.69899929775278,61.858678239115164,0.999611496925354,182.85959993855334,59.405908477440306,0.9985724687576294,257.3487151070927,79.57671090458216,0.9974513053894043,153.89278111832863,74.1930878028441,0.9798495769500732,299.5455418275983,197.27822978844802,0.9585946798324585,114.31344364466293,195.37516733233846,0.993262529373169,319.06806860077245,341.8493515186095,0.9960055947303772,98.9343536034059,342.5608979985955,0.9951727986335754,314.77294921875,477.79818074087075,0.9829773902893066,90.15460410814606,479.53673630617976,0.7229982614517212,253.48416103405896,472.2351760007022,0.8567459583282471,146.00599653265448,458.9447913009129,0.9606807231903076,242.4218201369382,625.113127633427,0.985615611076355,165.0264165642556,612.1691757373595,0.32388412952423096,232.12802844101122,739.3188750877808,0.46917349100112915,170.64198011762642,736.274688377809
8,0.9025778437361998,0.9997633099555969,204.3798279494382,76.5451084094101,0.9998632669448853,225.34695400280896,62.20777875921699,0.9997158646583557,182.11974411867976,59.70272449964887,0.9991573095321655,255.36654011587075,79.75481697682584,0.9969477653503418,153.3642578125,73.85393121269311,0.9788846969604492,297.0719035287921,197.369384765625,0.9651836156845093,114.58441230688203,195.29132285814606,0.9918620586395264,318.2707711551966,341.64449284585675,0.9961780905723572,96.25942273086375,343.0435832162921,0.9952918291091919,315.1360878247893,477.43054336376406,0.974123477935791,87.90272230512639,479.60520540730334,0.7441937923431396,253.30297577247188,472.09264176615164,0.8591285943984985,144.6867593486657,456.6915379213483,0.9616502523422241,243.26558659585675,624.9882593047753,0.9837026596069336,164.69350750526684,612.2272757198034,0.3470037877559662,228.36892117275278,737.2242582514044,0.5511729717254639,166.97172357794943,736.5136170119382
9,0.8923210939940285,0.9998036623001099,203.68912943293537,76.60089042749297,0.9998860359191895,223.89209533005618,62.69918720373946,0.9997445344924927,181.3086486130618,60.45982789457514,0.9993233680725098,254.39285792661514,80.20745781030547,0.9953747987747192,150.68962868679773,74.88342970944522,0.978435754776001,295.09354152036514,197.08908938290028,0.956439733505249,111.33948165379212,195.57385391063903,0.9920204281806946,316.27712978405896,341.1833139483848,0.9956817626953125,94.96590260709269,343.94717784410113,0.9950371980667114,315.7445466116573,476.2683242626404,0.9647258520126343,85.62365585498594,475.4007746664326,0.707825243473053,256.9241847349017,451.07232597436797,0.8237471580505371,141.51230029845505,453.42175430126406,0.9569476842880249,242.37932869557585,624.899106829354,0.9902300834655762,162.83266217521066,612.0386016502808,0.3628745675086975,229.11077949438203,738.3739137113764,0.4513607323169708,169.19688706987358,737.8032830056179
10,0.8991853542187634,0.9998783469200134,201.08941581811797,76.70945071102528,0.9999024868011475,222.13708084620788,62.754640043451545,0.9997094869613647,180.65764352176967,61.10546326369382,0.9994670748710632,253.47848270716293,79.60041174727878,0.995849609375,159.8441614729635,74.87138726738061,0.9800589680671692,298.67815682057585,196.80507702773875,0.9485457539558411,110.39611130617976,195.35268719276684,0.9923833012580872,316.1047500438904,341.6109166520365,0.9961799383163452,93.1396484375,344.92733387464887,0.9964193105697632,315.6092268697331,476.8669351299157,0.9723644852638245,84.14025467433285,473.8415664501404,0.7486383318901062,259.10515603054773,444.9678228142556,0.8164417743682861,145.81531996137642,461.65176220154495,0.9467785358428955,241.43447704529495,624.6943030196629,0.9849392771720886,162.71956197331463,612.9639220505618,0.45767539739608765,478.76925693469104,607.5961200842696,0.45091894268989563,476.88081548455057,608.9582601825842
11,0.8930447049000684,0.9998716115951538,199.46933703476122,77.06091720066713,0.999927818775177,221.26138408532302,63.308839262201545,0.9997045397758484,180.2319884568118,61.55462715063202,0.9994642734527588,252.59112754564603,80.17239345593399,0.9965442419052124,158.43171194698033,75.08044296436096,0.9768460988998413,294.4238555565309,197.64991331636236,0.9589782953262329,110.21555696980337,195.23552712429776,0.9868446588516235,314.26656315835675,341.65222853757024,0.9952734708786011,91.5838965941011,345.02776070926967,0.9957897663116455,316.4982553546348,476.1804885007022,0.9724270105361938,82.56831822770366,473.8944544417135,0.6943334341049194,256.15747344627806,448.7814913974719,0.8008100986480713,144.79308396242976,460.00090524051967,0.9492601752281189,242.38412921348316,624.9856807408707,0.9894189238548279,163.35964931530896,612.014955670646,0.41529783606529236,227.5760676351826,737.1026817064607,0.4509677290916443,167.34180236130618,737.4323538448034
12,0.885552316904068,0.9998631477355957,198.4050210674157,76.96293177229634,0.9999286532402039,220.29110340589887,63.705684361832866,0.9997408390045166,179.2232762025983,61.89714410331812,0.9994896650314331,251.04722612359552,79.7294496686271,0.9961831569671631,159.25202444698033,78.00577570883075,0.9793000817298889,294.97942635182585,197.49729799420646,0.9550048112869263,109.79028594627809,195.61106478230337,0.9882611632347107,313.23840194873594,342.38113917661514,0.9960347414016724,90.9776460454705,345.0883295294944,0.9964678883552551,316.41661911867976,476.9969605863764,0.9658442735671997,81.21886521242976,475.2359660287921,0.6757809519767761,255.86582140976122,449.18964514571627,0.7784554958343506,144.99201742450845,459.15362754564603,0.9622516632080078,242.25728581460675,625.1479656776685,0.9848878383636475,161.92226452773878,611.3377260358146,0.3823825418949127,227.31472744030896,736.723084181882,0.39451247453689575,169.5263123244382,737.4382241924158
13,0.8878172408131992,0.9998602867126465,197.96268763167132,77.29705467652738,0.9999418258666992,219.36655108848316,64.52183412701896,0.9997284412384033,178.29326501053367,62.35571014747191,0.9994557499885559,250.57474543539325,80.57095988412921,0.9955129623413086,156.7130716731039,76.29900642995084,0.9762766361236572,295.17899073911514,195.80052065045646,0.9607855081558228,109.58646967169943,195.9851622849368,0.9890232086181641,322.94499429424155,341.01378708742976,0.9963952898979187,89.4163393170646,345.47300188728934,0.9960869550704956,316.82762574613764,476.5843903616573,0.9693014621734619,80.26482399929776,476.0123880793539,0.7447356581687927,257.061369820927,452.14253972085675,0.7722835540771484,143.6600794417135,459.01183396242976,0.9673061370849609,237.54287548279495,624.9415708391854,0.9770439267158508,160.3361459796348,612.7337715063202,0.43253079056739807,226.93178326896066,736.1681443117977,0.3166247010231018,168.5929819171348,737.1890361657303
14,0.8908829373471877,0.9998693466186523,196.8961771418539,77.72820290554775,0.9999479055404663,218.2274567679073,64.8635007022472,0.9997475147247314,177.93895935744382,62.67333984375,0.9993706941604614,250.23533510358146,81.23222436797752,0.997768759727478,154.20300430126406,75.71704650193118,0.9718979001045227,294.33895496839887,196.5308165818118,0.9627004265785217,109.50735713658707,196.36646056443118,0.9887259006500244,322.80822068117976,341.32461376404495,0.9965825080871582,87.77746993504212,346.41620764571627,0.9954661130905151,317.12062192766854,477.1045470505618,0.9598053693771362,79.1546973753511,476.00865739115164,0.7402135133743286,257.5684965326545,452.4084884129213,0.7735651135444641,146.5674376755618,462.95278484901684,0.9644670486450195,237.8967970944522,625.1006737183989,0.9592118859291077,159.92519421523878,612.8699416257023,0.5077877044677734,229.74960498595505,737.666289940309,0.32788223028182983,168.1448878599017,737.7903901860955
15,0.8873898509670707,0.9998657703399658,196.91985055301967,78.08645869908707,0.999954342842102,218.0123112710674,65.38306075535463,0.9997373819351196,177.88036560744382,63.19631512245435,0.9991415739059448,249.61768675386236,80.87300161297401,0.9978475570678711,154.1140987096208,75.99350147033006,0.9764245748519897,294.30079770891854,196.30491792485955,0.9580446481704712,108.97267545207163,196.8312467082163,0.9894360303878784,322.7933527914326,341.15333128511236,0.996587872505188,87.83817591292134,346.47362183988764,0.995597779750824,317.6240179511938,477.2457097085674,0.9498425722122192,78.58979985955057,476.5071980337079,0.7207950949668884,256.9564167837079,450.4190440660112,0.7598026990890503,146.5482356039326,462.69591599367976,0.9586385488510132,236.51342499122188,623.8998858848314,0.9697452783584595,159.43515734726122,612.0653748244382,0.4531116783618927,228.59141831987358,739.241518170646,0.36105406284332275,168.08544373244382,736.3845242275281
16,0.8883112370967865,0.9998666644096375,197.0487513167135,78.16786862491222,0.9999487400054932,218.27710783883424,65.51619283268961,0.9997271299362183,177.90198165379212,63.36861942591292,0.9992569088935852,249.47358892205057,82.03355424859551,0.9975025057792664,154.5313048630618,76.03350350026334,0.9766878485679626,293.98039742801967,196.52033773700842,0.9604332447052002,108.49632691801264,197.13055214185394,0.9897360801696777,322.6686216204354,340.31817832689603,0.9966568946838379,88.41207097085675,346.2348852264747,0.9961380958557129,317.4393488851826,478.4497344627809,0.9443744421005249,78.46002128686797,476.0213856214888,0.7027624845504761,256.21472305126406,450.3557869557584,0.7896110415458679,146.10694456636236,462.4970922577247,0.954043984413147,240.5022164676966,623.7458304073034,0.973343014717102,158.91014527738764,612.5366485252808,0.42111775279045105,227.8703805301966,739.5967564957865,0.4000841975212097,166.4620183023174,737.1672555301966
17,0.8855589926242828,0.9998555779457092,197.39872278792132,78.53536884436447,0.99994957447052,218.57611152563203,65.80618526158707,0.9997097253799438,178.144256934691,63.95658000131671,0.9993875026702881,249.6232827861657,82.29052597217346,0.9972693920135498,155.55979525105334,76.9700228230337,0.9764134883880615,294.0672456548455,196.32780953739467,0.9621926546096802,107.97863906688903,197.1653901860955,0.9908962845802307,322.69114290730334,340.71881583567415,0.9963114261627197,88.37461321541431,346.62164238061797,0.9957801103591919,317.4562192766854,478.6145979634831,0.9480389356613159,91.4205692591292,476.562225684691,0.7249194979667664,257.47166322858146,449.8079518521769,0.819309413433075,144.5459533005618,463.1729503160112,0.9476810097694397,236.80496730161514,623.9397164676966,0.9706665277481079,159.61305082514042,612.4178699964888,0.36849355697631836,227.47325425737358,739.5383273349719,0.35762819647789,167.69267907303367,737.9078520014044
18,0.8855919890543994,0.9998500943183899,197.88346537043537,78.43837780898876,0.9999436140060425,219.17324109023878,65.71470796392205,0.9996758699417114,178.58576742450845,63.896436369820925,0.9993870854377747,249.74795909410113,82.3090422555302,0.9971508979797363,157.60969869206463,79.13738807935393,0.9803104400634766,294.0693030196629,195.71973479195927,0.965957760810852,108.36126777563203,196.6311062587781,0.9899988174438477,322.80306355337075,340.94301373771066,0.9936041831970215,87.87359001931179,345.7360977001404,0.9973132610321045,317.4756408005618,479.7196497542135,0.9562361836433411,79.9168275983146,476.3083742977528,0.7584774494171143,256.4619360077247,450.5465183900983,0.8172318935394287,144.26288733321627,457.87701896067415,0.9455453753471375,237.08123024929773,623.0669000175561,0.9666116237640381,158.62496708216293,611.6781513342696,0.39891210198402405,229.54526751228934,737.9836178897472,0.2888571619987488,167.67284607619382,737.5609528616573
19,0.8927787367035361,0.9998513460159302,199.01443995786514,77.86298773261937,0.9999247789382935,220.48430367801967,64.91542859023876,0.9997130632400513,179.69315089536514,62.83469210849719,0.9993910193443298,250.8398163184691,81.48106950052669,0.9976674318313599,156.36096054248594,75.19358431355337,0.9763867259025574,295.5419647559691,196.8125521199087,0.9648972153663635,109.28902958216293,195.87335136499297,0.9911149144172668,314.1496499736657,342.195647164677,0.9942723512649536,89.11290543802667,345.057770804073,0.9972058534622192,318.4997695751404,481.2513167134831,0.9602424502372742,81.24297752808988,476.1572265625,0.7595932483673096,256.87897757198033,447.1008712254213,0.7626582980155945,147.0768412043539,460.9913206636236,0.9487419128417969,240.9542880969101,623.8703695575842,0.9848350286483765,160.7854470242275,611.860625877809,0.41309112310409546,228.08837890625,735.6817832689607,0.4276517629623413,167.7880036429073,737.4822243679776
20,0.8987063888241263,0.9998732805252075,199.75319851650278,77.69602571980337,0.999922513961792,221.3114740607444,64.3230103910639,0.9996848106384277,180.31927558813203,62.213601101650276,0.9994082450866699,251.66106149051967,81.0911440045646,0.9969730377197266,157.89153024051967,75.0813962100597,0.9812856316566467,296.1755782566713,196.1382850904143,0.9675830602645874,110.86486130617976,195.27052975772472,0.9904631972312927,314.9070894048455,341.84153353230334,0.9925788640975952,90.39524721295646,344.79108146067415,0.996650218963623,318.89760906776684,480.2119360077247,0.9625136852264404,84.55512914764748,476.6125899754213,0.7446584701538086,257.6421227615871,445.0347008865871,0.7824374437332153,148.19933944873594,460.11090567942415,0.9467246532440186,241.45850706636236,623.0679972787921,0.9889469146728516,161.10480490695227,610.8122476299158,0.5293958187103271,228.67859572507024,735.1623946629213,0.3989087641239166,168.0907654494382,735.9089712078652
21,0.9137239210745868,0.9998699426651001,200.90406096383424,77.5486361042837,0.9999072551727295,222.25001645891854,64.38052745347612,0.9996320009231567,181.02108387464887,62.116082009304776,0.9993622303009033,252.11074657654495,81.73784234550561,0.9976332783699036,158.22112008426967,75.25042930345856,0.977165699005127,297.07538733321627,196.86880047401684,0.9592337608337402,111.14663799157302,195.22507571102528,0.9921752214431763,315.1830506056882,341.8167354283708,0.9955818057060242,93.63476013869382,344.52768390098316,0.9966735243797302,318.9525544241573,479.8791915379213,0.9615552425384521,87.00776860955057,475.68639176615164,0.7369980216026306,257.2022033005618,444.14136565133424,0.8088598251342773,143.9090754476826,457.81351496664325,0.9582366943359375,238.17300517907302,623.885895804073,0.9938924312591553,163.25003291783707,610.15625,0.681825578212738,228.4635873858848,733.6565133426966,0.47470414638519287,167.40862557057585,736.1398898349719
22,0.9073994229821598,0.9998751878738403,201.46500833918537,77.55174272515801,0.9998941421508789,222.5312993767556,64.24463164940309,0.9996165037155151,181.49243987008424,62.19019514791081,0.9993622303009033,253.22572858146066,81.07692075579354,0.997228741645813,159.4894169153792,75.83795097436797,0.975698709487915,298.3200930477528,197.56283192152387,0.9575728178024292,110.57052097963484,195.44013891327248,0.9931095838546753,315.84862183988764,340.78437719452245,0.9929126501083374,95.34270211551964,343.6063136411517,0.9962981343269348,318.61185481039325,478.5005376580056,0.9603137969970703,89.71571332952948,477.54581065660113,0.7278422117233276,258.3814025193118,457.6297511411517,0.7935602068901062,144.4112919153792,455.3393280372191,0.9613490700721741,238.39725794417132,623.6137201544943,0.9946866035461426,162.32550803195227,608.818359375,0.687512218952179,228.34214799859552,733.8512223490168,0.3889573812484741,168.5295602176966,737.1509612008426
23,0.924121874220231,0.9998081922531128,204.36257351650278,77.79109654801616,0.9998537302017212,224.34792507900278,64.18615448340941,0.9996629953384399,182.4850223841292,62.35636850421348,0.9992454051971436,254.7872959094101,80.91100799903441,0.9967958927154541,151.65881210498594,76.71586968925561,0.9770245552062988,298.34294351299155,196.83153473929073,0.9679125547409058,113.49965984901684,195.18564288535813,0.9925568103790283,316.4701106039326,341.14556816186797,0.9950582981109619,97.11258448911516,339.63762947682585,0.9964697360992432,318.4223577949438,478.05230644311797,0.9341155290603638,94.5460904582163,475.80923016151684,0.7052974700927734,260.1408609111657,453.11383536692415,0.9093596339225769,147.22974455758424,456.19162570224717,0.9630194902420044,244.62948231214887,619.0945400280899,0.9949917793273926,164.33541630091293,608.6326479108146,0.7538557052612305,229.37692020716293,734.188904494382,0.5250440835952759,169.79964009831463,735.6507307759831
24,0.9101253467447618,0.9995114207267761,207.23251514220505,77.22246834401334,0.9998935461044312,219.5381353142556,62.56503330187851,0.9997522234916687,184.17104656776684,61.72095823823736,0.9985330104827881,256.9328256671348,80.94345950008778,0.9976893663406372,155.3365300210674,74.19986339097612,0.9816343784332275,299.2338922050562,196.7954622761587,0.9677184820175171,117.21715348490167,195.02734923630618,0.9942848086357117,318.32086113061797,338.59923630617976,0.9963072538375854,101.59945027212078,338.24649425035113,0.9921854734420776,320.5295382724719,477.09505574087075,0.8536142110824585,99.38274940747894,474.17140317766854,0.705814778804779,259.4206734989466,455.2812280547753,0.9143376350402832,148.87039698911514,450.92680170294943,0.9658620357513428,245.06509502282302,618.7656359726124,0.9973403811454773,166.68070246664325,606.0267622015449,0.618273913860321,228.85281337780896,735.6788206636236,0.4893779754638672,172.21125570575845,736.2621247366573
25,0.9129273716141196,0.99962317943573,199.7425002194522,77.0979977725597,0.9998972415924072,223.05038623595505,60.99354947550913,0.999626874923706,187.5223566976826,60.4778229788448,0.998376727104187,250.11655657478934,80.74205720022823,0.9991154670715332,157.71783378686797,72.49088587385884,0.9769182205200195,305.65004498771066,196.02459511060394,0.9567656517028809,119.44292047050561,193.04972787921346,0.995204746723175,323.0032862974017,338.4201907040028,0.9970905780792236,103.85227846295646,338.356110647823,0.9934414625167847,321.82466314080057,477.3239992977528,0.8788913488388062,103.62620150105337,474.89570531952245,0.745783805847168,258.785798147823,456.600739554073,0.9386579990386963,150.69462122542132,451.3225015361657,0.9558140635490417,248.00487732619382,614.0422006671348,0.9950651526451111,168.66680016678367,606.2464339009831,0.5821151733398438,229.0531732794944,736.386444434691,0.5073776245117188,174.77561007724717,734.8648722787921
26,0.9161075248437769,0.9996664524078369,203.1491123156601,74.07803996225421,0.9999052286148071,226.69326610779495,59.268311918451545,0.9996428489685059,191.0767424508427,58.97071409761236,0.9990503787994385,252.47709467169943,78.56339701106039,0.9990321397781372,160.06657632549155,72.15676982751053,0.9652447700500488,309.4979206899579,194.18409026070927,0.9625300168991089,123.04383010007021,192.00778232531601,0.9959197044372559,325.22238742099717,338.74583040730334,0.9965803623199463,105.81403067942415,336.8754937675562,0.9918065071105957,314.9248101738062,476.1956307057584,0.918748140335083,97.68722019838484,476.57506364115164,0.7836145162582397,260.7862425386236,460.91895628511236,0.9096384048461914,151.45982377984552,463.57970505617976,0.9261054992675781,250.14524995610952,613.848479195927,0.9932836294174194,171.12392468398878,603.326018258427,0.5865447521209717,228.76036911867976,738.0873639396067,0.5465145707130432,170.8133174596208,733.2469605863764
27,0.9244064583497889,0.9997938275337219,205.58195992801967,72.67687851123596,0.9999477863311768,228.9497564080056,57.758837067679075,0.9992329478263855,195.51609682233146,57.2100007132198,0.9990739822387695,257.1338164940309,76.31215299113413,0.9989129304885864,164.00977659761236,70.91551362798455,0.9795880317687988,305.0655613588483,191.61066976825842,0.9364709854125977,125.21555696980337,191.63502896769663,0.9950605630874634,327.93267753686797,338.0370545119382,0.9964715242385864,107.39074021242976,336.8750822945927,0.9939945936203003,317.2826051176264,474.6532654494382,0.931204080581665,99.06034662482443,473.7963044241573,0.7810695171356201,259.8341215326545,461.7277475421348,0.9202432632446289,153.94915291432585,458.9006265361657,0.9325072765350342,241.55983914150278,618.525664940309,0.984437882900238,173.0310744382022,602.7949438202247,0.6408191919326782,230.51675517907302,738.3024820049158,0.6260814070701599,172.02655920821627,732.8576522998595
28,0.9272738519836875,0.9997962117195129,208.02276268433985,70.76754795031601,0.9999659061431885,230.78204551439603,56.761560332909056,0.9994252920150757,189.0222853757022,54.95111015405548,0.9991568326950073,260.5359572507022,75.15101743548104,0.9984183311462402,167.0511927229635,69.71002128686797,0.9858232736587524,306.5625274315309,189.8708523525281,0.9265997409820557,130.63493021418537,190.29370940133427,0.9964666962623596,329.08052251580057,335.96734550561797,0.9973784685134888,99.93943117977528,335.68139922752806,0.996090292930603,319.2753412482444,473.9867341116573,0.96546471118927,98.9671205670646,469.912109375,0.8239965438842773,263.42041015625,452.81642270891854,0.9117777943611145,158.8008580582865,444.99700996313203,0.9442808628082275,244.0507044417135,614.8789172226124,0.966300368309021,166.80085257198033,605.6997783532303,0.6842203140258789,233.59144575140448,737.5533268960673,0.5684938430786133,174.42945158883424,734.950897559691
29,0.9219049706178553,0.9997659921646118,210.50188728932585,69.2046570510007,0.9999637603759766,232.6240728142556,55.76406414589185,0.9996949434280396,188.8060974806882,55.691020836990866,0.9991611242294312,262.5167332338483,74.80781469452246,0.9972591996192932,169.85058045119382,69.86041465502106,0.9881304502487183,307.75708830758424,189.93428776773175,0.9365404844284058,124.55901070926964,189.89634996049858,0.9968628883361816,331.8697880091292,335.2860834357444,0.9962595701217651,102.28840688641151,336.5743229898174,0.9968220591545105,321.6593058725421,472.0927514922753,0.9600598812103271,101.68617505705757,470.8762179599719,0.7817251682281494,269.5063421699438,443.86019245962075,0.8758273124694824,160.6271122278792,455.08572353405896,0.9555484652519226,244.90017665905896,614.3046106917135,0.9703936576843262,169.49561644136236,604.4441274578652,0.693164587020874,236.55610845330057,735.1995369557584,0.5252049565315247,177.43240870786514,736.033510358146
30,0.9231187701225281,0.9998410940170288,212.47059339887642,69.08237414413624,0.9999375939369202,235.5985285726826,54.78823886828476,0.9998471736907959,191.23965831285113,54.933156217082164,0.9987882375717163,264.31821673103934,74.8864197463132,0.9963390231132507,172.8386696804775,68.80752392029494,0.9827402234077454,308.2451226738062,189.53521385621488,0.9339942336082458,127.6782500877809,190.0170349806882,0.9942513704299927,334.87395211551967,337.44003467345505,0.9968568086624146,105.06103515625,335.6863643346208,0.9976489543914795,323.27203300561797,472.4654911341292,0.9884577989578247,103.44250625438903,471.0258843925562,0.779242753982544,268.0880222963483,455.7849806882022,0.868157148361206,160.7841028792135,453.3211628774579,0.9417698383331299,247.40286494908707,611.9865914676966,0.9763926267623901,172.07379630442415,601.4304446102528,0.7059974670410156,236.90865848841293,733.2881627457865,0.5327567458152771,178.5795130354635,733.7244886762641
31,0.9251644821727977,0.9998284578323364,214.1605402914326,68.32520217038272,0.9998629689216614,239.32927163799155,54.27860560042134,0.9998249411582947,193.18614488237358,53.85718870698736,0.998998761177063,266.13706438728934,71.53512333216293,0.9945034980773926,175.10840941011236,67.53325387333216,0.9864991903305054,307.96142578125,189.01214942503512,0.9631363153457642,128.32791103405899,186.43076007285813,0.9900535345077515,336.19244864817415,337.48030416081457,0.9950289726257324,106.89721954002809,334.01021550210675,0.9976670742034912,324.7229964009831,472.0893499824438,0.9869778752326965,105.21912306882021,471.02917617626406,0.7821890115737915,271.9967411341292,447.9476277212079,0.8848268985748291,163.76239905196627,441.4493449350421,0.949890673160553,248.31213790379212,610.5777080407303,0.9816965460777283,173.1908905372191,601.8521221032303,0.6124443411827087,238.96083874648878,734.7161385182584,0.6043671369552612,178.6760171611657,734.0388540203652
32,0.9222509615561542,0.9996470212936401,217.5484440835674,66.88501936666081,0.9998871684074402,231.8481993943118,52.58440682057584,0.9997919797897339,194.97791761762642,52.65825250175562,0.9989139437675476,268.32552449087075,70.48237661297401,0.9963903427124023,165.21890361657302,66.53562395760183,0.9862611889839172,308.4009886323736,188.3815396769663,0.9593716859817505,128.07024666432582,185.4052734375,0.988389790058136,327.9247498244382,334.8380991046348,0.9954882264137268,108.74050869030899,332.5144015537219,0.9975996613502502,328.0452839712079,472.1817393785112,0.9874646663665771,107.68322891063903,468.84260884831457,0.7819804549217224,270.1586365431882,444.28524403089887,0.8603408336639404,165.3226222349017,442.2653781162219,0.9492539167404175,251.03844803370788,609.2800869030899,0.9871269464492798,174.48554906952245,600.6550649578652,0.6972254514694214,240.4412087429775,732.7176417661517,0.4931330680847168,181.996795997191,735.0553019662921
33,0.9143029065693126,0.9992920160293579,220.10640690835675,66.31776959708567,0.999909520149231,233.91725004389042,51.774833764922754,0.9997099041938782,196.99542442064603,51.944298904933284,0.9985388517379761,270.07551900456457,70.48352187938904,0.9972794055938721,166.0839569434691,66.6822112008427,0.9820387363433838,309.0494425912921,188.30964163448033,0.9663587808609009,128.77232926615167,184.5272312807233,0.9934249520301819,329.3038700403792,332.9345977440309,0.9949063062667847,108.25524490870785,331.0363906688904,0.9973652958869934,329.7840041257022,469.31700974367976,0.9678415060043335,108.42922939343399,462.8044899929775,0.7998871803283691,270.47141085849717,446.3329529494382,0.8681037425994873,160.42570992801967,447.79434032654495,0.9592380523681641,252.02938465589887,610.0176110428371,0.9842191934585571,176.49320795294943,600.3876623946629,0.6279051899909973,242.197265625,734.0221756495787,0.40713077783584595,183.7427032127809,735.0602945049158
34,0.9357137084007263,0.9995757937431335,212.09373902738764,65.75556722919592,0.999955952167511,235.7759282830056,51.259981648305825,0.9996570348739624,199.34098490168537,50.81811454858673,0.9970501065254211,271.83459335498594,69.39285106873244,0.9977554082870483,168.4391733233848,66.71826309032654,0.9858696460723877,313.9836343486657,188.10743010445927,0.9707450866699219,129.57837737008427,183.70963450228228,0.9968356490135193,331.86133909761236,330.09601035814603,0.9945027828216553,108.44749879301264,328.49554511938203,0.9973526000976562,328.363983497191,463.30835235252806,0.9347497224807739,111.55210344978931,458.7303864554073,0.8393731117248535,272.0976891678371,449.67863961551967,0.9054717421531677,163.69752348139042,446.90945400280896,0.9567528367042542,252.97014900807585,608.1950601299158,0.9814183712005615,173.27214273174155,600.2727791432584,0.5795114636421204,241.7672763781601,734.5790905898876,0.7705557346343994,184.4145014044944,734.3218925561797
35,0.9274708278038922,0.9996087551116943,213.25807035639042,65.16362222392907,0.9999552965164185,236.7191340414326,50.73413634568118,0.9997372627258301,200.14225991924155,50.296699438202246,0.997277557849884,257.61567876580057,69.72183056091994,0.9981166124343872,171.11459796348316,64.29739619908707,0.9779763221740723,319.30927405196627,188.60372136148175,0.9643235802650452,129.55824262640448,183.77781557233146,0.9973409175872803,334.50030723314603,326.33813750877806,0.9959058165550232,108.2568633690309,327.22560239641854,0.9972296953201294,329.1512410024579,461.2125833918539,0.9568023681640625,117.36053809691012,455.49634612008424,0.8347369432449341,272.41027146242976,448.97082382373594,0.9008045196533203,159.6431157830056,443.75030174683985,0.9511683583259583,254.82369755091293,611.6969693644663,0.9908270835876465,176.08502677317415,596.7470044768259,0.6139704585075378,242.47470812851122,736.2939453125,0.5912225246429443,185.85460191362358,733.3792354283707
36,0.9176180362701416,0.999703586101532,214.8259743679775,64.05030668451545,0.9999500513076782,237.76249231917132,50.090050858058284,0.999763011932373,201.33116989992976,49.4380753763606,0.9971473217010498,258.5335652212079,68.29190029187149,0.9982335567474365,172.10218793890448,62.97094452247191,0.9692356586456299,324.27229634831457,188.363037109375,0.9596439599990845,130.43374736657302,182.03762783093399,0.9977321624755859,336.0656601123595,328.7406732794944,0.9967023730278015,102.78589141502809,323.4915675474017,0.9973311424255371,326.8165434076545,460.3785002633427,0.9758414030075073,106.8487891722261,449.28527146242976,0.8688670992851257,272.4241792485955,450.54468047752806,0.9019887447357178,166.69899929775278,444.3942295031601,0.9524694681167603,254.99629674332863,608.323549420646,0.9950308203697205,177.98466028792132,594.3412592169943,0.5847886204719543,242.76712824789325,736.6600465238764,0.40507763624191284,180.5960597349017,731.1886630969101
37,0.9331530963673311,0.9997619390487671,215.73135204529495,63.45701067635182,0.999940037727356,237.61836705582863,49.46683047862535,0.9997324347496033,202.3335454705056,48.662959752457866,0.997744083404541,259.71772954705057,67.21250384041433,0.9983655214309692,174.09854503160113,62.17677427141854,0.9647392630577087,325.6660375702247,187.42363061797752,0.9586783647537231,130.9906074438202,181.2363528133778,0.9981942176818848,337.50301746839887,326.6817997278792,0.9978245496749878,103.61387102791431,318.44131298279495,0.9870026111602783,319.75945290554773,461.74903441011236,0.9916398525238037,113.67338373419943,441.29254630442415,0.9135400652885437,269.9901795119382,451.3675715414326,0.8844255208969116,165.21157939782302,441.5190758865871,0.9590846300125122,255.9835575403792,611.4429533883426,0.9953140616416931,176.91343157478934,593.270935744382,0.6705219149589539,242.45517687851122,735.8299135358146,0.5470935702323914,13.758942679073016,423.24372366573033
38,0.9282285395790549,0.999769926071167,215.7662723841292,63.16240975026334,0.999936580657959,237.7217839273174,48.648846229810395,0.9997513294219971,202.53393280372188,48.020393285858496,0.9980254769325256,260.33792902914325,66.40424749824437,0.9988481402397156,173.22216248244382,62.232995193995784,0.9729503393173218,323.2782873946629,187.1676395716292,0.954878032207489,132.5534914852528,180.85259941186797,0.9980710744857788,339.2361964536517,324.2574833216292,0.9978181719779968,103.91244952598313,313.9478636323736,0.9721149206161499,316.4392775632022,452.81112842345505,0.985138475894928,119.6410858497191,426.932770804073,0.9182673692703247,268.0536780196629,440.7829233233848,0.8550689816474915,173.5355677229635,465.23794109901684,0.96652752161026,258.1722370962079,610.3877172577247,0.9928443431854248,178.31029999122188,595.0298455056179,0.66529381275177,242.7274622542135,736.1931618679776,0.5045806765556335,184.75292420119382,731.9002918714888
39,0.9215869552948895,0.999760627746582,216.16504454880618,63.161895409058985,0.9999164342880249,237.92285704880618,48.30831806311446,0.9997215270996094,202.8934230161517,47.55673869272296,0.9980090260505676,261.44758931706457,65.1908205868153,0.9988863468170166,173.94918034585675,61.77767978625351,0.9636328816413879,324.2508997542135,187.31622245874297,0.9534533023834229,133.26503796523875,179.50621872805476,0.9969797134399414,339.1447122981039,323.14346142029495,0.9983748197555542,103.4203827247191,311.6717049245084,0.9203332662582397,313.2681925912921,454.7579167398174,0.9798358678817749,122.73772164676964,420.4944533444522,0.9248923063278198,262.1504400017556,447.6306015186095,0.7367271184921265,172.23443534936797,474.29500965589887,0.9842742085456848,257.4309822682584,608.9810283532303,0.9932667016983032,182.32202422752806,595.3789940308989,0.6678891181945801,242.50290774227528,734.9542442064607,0.5510249733924866,185.68309998244382,730.6101321102528
40,0.9335093287860646,0.9997850656509399,217.15938268082863,63.0785858497191,0.9999392032623291,238.78354876228934,48.10919258031952,0.9996663331985474,203.6736306179775,46.995955906557235,0.9979634881019592,266.857635840941,66.08961469671699,0.9984955191612244,174.68409849016854,60.63329118021419,0.9681056141853333,323.95288360252806,186.50197232707163,0.9610189199447632,132.3779845505618,179.68254860867276,0.9976692199707031,339.8918649051966,322.201325491573,0.9993273019790649,104.55681618679773,307.8568293539326,0.9745272994041443,302.0456789852528,446.4549409673455,0.9886410236358643,129.65622805477528,401.11421392205057,0.9060285091400146,262.1391382110253,462.26227835323033,0.7993013262748718,166.11591467696627,463.29968398876406,0.9781719446182251,258.9489608936095,606.1708874648876,0.9952279329299927,181.59769465414325,592.7114971032303,0.750183641910553,243.39953476123594,733.9388935217696,0.5556062459945679,184.6086069171348,732.0946168363764
41,0.9314195233232835,0.9997739195823669,217.7629312236657,63.06728405898876,0.999942421913147,239.59286121839887,48.133784947770366,0.9996626377105713,204.13203893082863,46.94717235779494,0.9981348514556885,268.06508953651684,65.9238528133778,0.9981343746185303,175.35312609726122,61.02223599894663,0.9715182185173035,322.27484199438203,186.56359726123594,0.9638653993606567,131.86866331636236,179.39470955495085,0.9977680444717407,336.49263189080057,318.83078585849717,0.9994267225265503,105.08579211288622,307.0495468311095,0.9912306070327759,305.17970395891854,433.59034849016854,0.9876978397369385,135.20891853932582,388.1124637903792,0.7924817800521851,273.55493438377806,447.6683747366573,0.8190308809280396,164.33530657478934,464.7364927141854,0.972838282585144,258.5905679424157,603.7751821453652,0.9936317205429077,180.70622476299155,592.6696914501405,0.7425921559333801,243.44090150983146,733.2281974192415,0.6064020395278931,184.59343728054773,731.2147779143259
42,0.9404094394515542,0.9997850656509399,218.14817964360952,63.09304912438553,0.99993896484375,239.7652683900983,48.1446855523613,0.9996246099472046,204.7266447945927,46.98134518741222,0.9981274604797363,268.09348117099717,65.62193452642205,0.9979170560836792,175.7763946190309,59.67909909366222,0.9762589931488037,321.21417442064603,185.19439354371488,0.9643486738204956,132.12221295646066,178.9780520321278,0.9984910488128662,336.70991704705057,317.52948889571627,0.9984739422798157,100.83533126316712,306.08305170294943,0.9650405645370483,301.0231138079354,420.7854744557584,0.9915417432785034,144.1190638167135,375.72775851474717,0.9063992500305176,266.24053612183985,454.85162284936797,0.8221598863601685,163.85039940308985,452.9634282830056,0.9671741724014282,258.59558791257024,603.0115980512641,0.9945577383041382,180.34772208567415,592.9545953300561,0.7966476678848267,244.63886389571627,731.2176307935393,0.6104736328125,184.44920229108146,729.4591050737359
43,0.9408886432647705,0.9997981190681458,218.64246839887642,63.15101880705758,0.999946117401123,240.07148656952245,48.31297456548455,0.9996387958526611,204.9312017205056,47.15690355622367,0.9980825185775757,267.55678326896066,65.57567810744382,0.9978739023208618,176.43008800035113,60.242583885621485,0.9782875776290894,321.23557101474717,185.1379668846559,0.9608621597290039,132.15622805477528,178.0147252457865,0.9982587695121765,335.35342784410113,315.95486415905896,0.9984633326530457,100.19203443205757,305.47209664676967,0.9907827377319336,294.1650390625,408.68268302317415,0.9917630553245544,150.5322814255618,362.29357772998594,0.8762115836143494,267.3387848929073,444.3014286341292,0.8922542929649353,165.2079310042135,462.5545887464888,0.9580455422401428,259.71537043539325,605.8955297577247,0.9942024946212769,179.8190067591292,592.3410068469101,0.7811989784240723,245.846893653441,732.2764878862359,0.5794369578361511,189.79846054248594,725.5010643433989
44,0.9328860149664038,0.9998162984848022,218.92657676439603,63.410041037570224,0.9999530911445618,240.51664545294943,48.791894805565306,0.9995977878570557,205.36804885007024,47.32246313202247,0.9983435273170471,268.1517457426264,65.75377046392205,0.9978848695755005,176.41017270891854,60.055891744206455,0.9726014137268066,323.31617033883424,185.30499747629915,0.9629800319671631,131.90221207865167,177.81218453739467,0.997420072555542,335.2268587605337,316.0664830582865,0.9991424679756165,102.60461014308285,304.2473062236657,0.9936412572860718,288.60974258251406,402.17137025983146,0.979175329208374,151.4794921875,351.0400116309691,0.8733632564544678,274.8018346207865,451.86657852001406,0.8138444423675537,159.1162383690309,441.6478943556882,0.9703261256217957,259.60095352001406,605.3398766678371,0.9879822134971619,179.34457843223316,592.030427054073,0.7142436504364014,244.22020387113764,733.7764988588483,0.5987464189529419,183.04470790905896,729.5035441537921
45,0.9308428834466373,0.9997966289520264,219.1358244820927,63.261019245962075,0.9999449253082275,240.62617955582863,48.735872761587075,0.9995710849761963,205.36686929424155,47.39222837298104,0.9985761642456055,268.1666684954354,66.05032588658707,0.9980545043945312,176.5479338570927,61.177162427580754,0.9744236469268799,322.74030021067415,184.72445027212078,0.9600549936294556,132.47443381320224,177.70621653353228,0.9982321262359619,334.75171721383424,315.68502018960675,0.9988397359848022,101.83019059427667,306.21486020891854,0.9700608849525452,285.55277277914325,391.1490245347612,0.9838917255401611,157.19131298279495,342.45183023174155,0.9014303684234619,279.1385676351826,442.7429610691713,0.891200065612793,163.44998134655896,432.6856017380618,0.97281813621521,258.4563180301966,607.4057452598314,0.9860484600067139,180.00619952598316,592.6450579353932,0.6905022859573364,244.11928326896066,735.2894575140449,0.5008832812309265,183.74947880091293,733.4060634655899
46,0.9327524900436401,0.9997998476028442,218.5888123244382,63.353717246752105,0.9999489188194275,240.14952927492976,48.88502142402563,0.9995181560516357,205.56273042485952,47.32672187719452,0.9984070062637329,268.4592257724719,65.58156902870435,0.9981155395507812,176.02593925561797,60.83093536034059,0.9742937684059143,321.3236262289326,185.83780010094802,0.9545910358428955,132.73530767205057,177.5108491704705,0.9982601404190063,334.02494623419943,315.8101628335674,0.9964526891708374,107.83242900719802,307.6752874824438,0.962057888507843,288.69702971383424,385.4511663886938,0.9790723323822021,153.9493997981039,333.6128697770365,0.8109415769577026,276.35893060919943,444.13423345330057,0.918877363204956,165.34434800737358,438.27546194698033,0.9530835151672363,257.88645540730334,608.9515120259831,0.9873749017715454,180.6839229283708,592.767183110955,0.7473176717758179,243.7084686622191,733.2339031776685,0.5786799788475037,185.94959730512642,733.7441296523876
47,0.9351320722523857,0.9997868537902832,218.31641722261236,63.4460997849368,0.9999490976333618,239.9068425210674,48.87760462385884,0.9996054172515869,205.1066812236657,47.57853990190485,0.9981951713562012,268.2051275017556,65.67297088965941,0.9976296424865723,176.24624188026684,61.06357531601123,0.9737755060195923,321.0303283005618,185.39593300122894,0.9609884023666382,132.87444039676964,177.40911933813203,0.9976934194564819,333.6584609813904,315.58124670821627,0.9981818199157715,107.02891831987358,307.8064650632022,0.9731384515762329,287.8723281688904,374.6408115344101,0.9899985194206238,156.95490804950845,326.50335761938203,0.7888574600219727,278.8497684778792,437.40667793188203,0.9411591291427612,163.12445136938203,439.6060832162921,0.9713648557662964,257.8174651070927,608.7248178546348,0.9831403493881226,179.32117933637642,593.1850750526685,0.7306235432624817,243.3618712693118,733.9155767205056,0.5931575894355774,185.62096756495788,733.0714536516854
48,0.9356149435043335,0.999767005443573,217.67034980688203,63.82510753160112,0.9999539256095886,239.72571212254212,49.4097626075316,0.9996496438980103,204.40292529845505,48.22380151641503,0.9983071088790894,262.62286582689603,65.5187165335323,0.9976711273193359,176.23280043012642,61.6948365629389,0.9778326749801636,320.2687192766854,185.29211837254212,0.9660001993179321,132.12333764922752,177.6109468267205,0.9983149766921997,333.5839020804073,315.42793188202245,0.9967061281204224,106.61286429073033,308.9773799596208,0.9777894616127014,282.85337298103934,368.5322485077247,0.9941819906234741,159.79887201544943,321.67255530196627,0.8034728765487671,275.59759590063203,439.35198494557585,0.945248007774353,163.20493548103934,440.2219210849719,0.9712396860122681,257.5190649139747,608.4923081987359,0.9771405458450317,179.37941647647472,593.0396330758426,0.7248932123184204,243.83528462956457,734.6347765976124,0.5772854685783386,185.66140164150278,733.6316603757023
49,0.9339842235340792,0.999774158000946,217.79313333918537,64.33730221866222,0.9999586343765259,239.97116946102528,49.82374555609199,0.9996787309646606,204.16309142380618,48.896148338746485,0.9980183839797974,262.5047456548455,66.03664441055126,0.997147798538208,175.97434054599717,60.09078465150983,0.9843566417694092,317.9070839185393,185.7566713483146,0.9666656255722046,131.7354009392556,177.84423828125,0.9987718462944031,334.2887552668539,316.4354920119382,0.9965994358062744,106.98698922489464,309.3835586376404,0.984090268611908,285.0410101386938,366.90827444698033,0.9960817098617554,160.91182408707863,321.2625636411517,0.8287273645401001,276.70229108146066,440.93933791257024,0.9364120960235596,162.65325996313203,435.46534849016854,0.9589998722076416,257.20519333742976,608.7382044417135,0.969787061214447,179.51251426439603,594.9493613939607,0.7021803855895996,245.54561314957863,733.1716336025281,0.5604817867279053,185.38423345330057,733.3045668012641
50,0.9303755532292759,0.9997809529304504,217.1781732794944,65.00061720944522,0.9999570846557617,239.96148613061797,50.4535460739993,0.9996763467788696,203.65950337956463,49.30309167068996,0.9975883960723877,261.94226211376406,66.58545333347963,0.9973534941673279,175.390625,61.99874363588483,0.9813169240951538,317.8832459181882,186.0901153221559,0.9718906879425049,130.85002084796346,178.96985000438903,0.9983837604522705,333.1506759129213,316.2352966994382,0.9953365921974182,107.34218640273875,309.28466796875,0.9755438566207886,283.10138145189603,361.4115717169944,0.9968408942222595,164.9051143346208,322.15238764044943,0.8013401031494141,275.09302032127806,447.62360647823033,0.9424901008605957,162.14994623419943,437.5880277826545,0.960081160068512,257.4951720505618,609.4832996839888,0.9750393629074097,178.92520518785113,592.6899907830056,0.7277607917785645,244.05287153265448,735.1063246137641,0.4960038959980011,185.18848204880618,734.2776729283707
51,0.9337590652353623,0.9997574090957642,216.15459313553367,65.51132373595506,0.9999564290046692,239.3900873419944,50.98405130793539,0.9996803998947144,203.1811797752809,49.98355822616748,0.9973872303962708,261.6629816976826,67.10052147340238,0.9969503879547119,175.4907500877809,60.46293451544943,0.9836735725402832,316.5173477001404,186.39649809076545,0.9718716740608215,131.0250340150983,179.84520387113764,0.9987339973449707,334.1303381759129,317.15666695926967,0.9960744380950928,106.85011960147472,309.9369623419944,0.9904665946960449,287.31107904669943,358.1054961815309,0.9928959012031555,171.64375219452245,325.28904604108146,0.8389797210693359,273.1807134392556,442.85792661516854,0.9277024865150452,162.22595900632024,440.87791871488764,0.966612696647644,257.31508405021066,609.3285309866573,0.9818248748779297,178.68345110603934,593.5620391502808,0.6492242217063904,244.08513101299155,736.1003884304776,0.5821120738983154,186.08554797226122,731.6335476650281
52,0.9286729412920335,0.9997348785400391,215.9248540642556,65.9680998727177,0.9999512434005737,239.50519004564603,51.00557134392556,0.9996496438980103,202.82273196102528,50.35984339339009,0.9971050024032593,262.4286780196629,66.8126892775632,0.9967221021652222,175.62365585498594,60.66012607531601,0.9806718826293945,318.06506210498594,187.10358694698033,0.9771758317947388,132.0335542485955,179.97915203651684,0.9984099268913269,334.04642512289325,317.04238720154495,0.9962408542633057,108.65345472700139,312.38665291432585,0.9904229044914246,287.6835443732444,356.6491287745786,0.9900703430175781,169.19315638167132,328.4078465150983,0.8698465824127197,272.7021978142556,440.91870940133424,0.9104591608047485,163.02627392029495,444.3181344364466,0.9522097706794739,256.30483563026684,610.3726299157303,0.9770150184631348,178.42019070400278,594.3563465589888,0.5798383951187134,244.84641085849717,735.5800671523876,0.5719164609909058,185.9273503335674,731.5334225772472
53,0.9291578075465035,0.9997744560241699,215.85967674683985,66.24085844232795,0.9999551177024841,239.3652069434691,51.44077601057759,0.9996324777603149,202.39041103405896,50.77972755003511,0.9964457750320435,262.35252808988764,66.37826298060043,0.9972694516181946,174.38945641678367,62.43307392248946,0.97825026512146,318.5070937938904,187.4911258997542,0.982221245765686,131.7333984375,180.80761170119382,0.997808575630188,333.4984528616573,317.28628094276684,0.998174786567688,106.78377644399578,314.1110812412219,0.9891664385795593,285.36922840589887,356.39703300561797,0.9954239130020142,174.57900829529495,334.79434581285113,0.8411943912506104,276.4481653792135,449.7848270716292,0.8886857628822327,164.77026092872188,446.05531842521066,0.9277151823043823,256.36820246664325,609.6633053897472,0.9792493581771851,178.0293736832865,594.9154560217696,0.6756798624992371,243.9836892117275,735.5579024754213,0.5490356683731079,186.05660770716293,731.248628423455
54,0.9311046425034019,0.9997813701629639,215.30742516678367,66.7508791805653,0.9999614953994751,239.1014802054073,51.80707952949438,0.9995898008346558,202.41800715414325,51.084587868679776,0.9961649179458618,260.98171962780896,68.19259129213484,0.9982591867446899,174.17565506495788,62.66863533620084,0.9753296375274658,318.8084565923455,187.61427975772472,0.9796443581581116,131.76574021242976,181.3717411341292,0.9980080127716064,333.7700524490871,317.7726694171348,0.9989030361175537,105.90412954266151,315.53049837605334,0.9908597469329834,291.325409278441,358.10091511587075,0.9877849221229553,170.56629652387642,337.3609495698736,0.8647305965423584,274.3453465150983,453.6320444171348,0.9305934906005859,162.4511444434691,440.03741660814603,0.9487882852554321,256.0323856653792,608.5569917485955,0.9794712662696838,177.98970768960675,592.6804994733146,0.6276600956916809,243.55482465765448,735.556366309691,0.5532487034797668,185.8081877633427,732.5204639220506
55,0.9327124252038843,0.9997776746749878,215.38445290554773,66.8207884370611,0.9999610185623169,239.07558484023878,52.08479291937324,0.9995702505111694,202.45753599016854,51.34780026553722,0.9964377880096436,266.8525610077247,68.01289419109901,0.9981240034103394,174.13922599192415,63.10727923103932,0.9787142276763916,318.31652694873594,187.47285650017557,0.9805405139923096,131.48807825667134,181.45090853230337,0.9972212314605713,332.81403616573033,317.8707920031601,0.9990921020507812,104.97981039325842,316.1336903089888,0.9931308031082153,290.26745742626406,358.81043166257024,0.9942767024040222,173.24369623419943,339.0059636148174,0.856368899345398,274.8076501053371,455.20935744382024,0.9508358240127563,161.21938641151684,436.87927931882024,0.943382978439331,254.32002721207863,607.7230183462078,0.9800518751144409,178.34135248419943,594.9413513869382,0.6580798625946045,242.99261543188203,735.263397559691,0.5305454730987549,184.931640625,732.9261762640449
56,0.9337003406356362,0.9997840523719788,215.34006868855334,67.27288063992275,0.9999642372131348,239.2159245523174,52.310057222173455,0.9995396137237549,202.51475816362358,51.47081353691187,0.9960209131240845,261.2104163009129,68.6449098051264,0.9978308081626892,174.33791257022472,63.17461678151334,0.9792540073394775,317.5457009304775,187.91011510270366,0.9810898900032043,131.57687412219101,181.5843080670646,0.9979027509689331,333.70589009831457,318.1099400895365,0.9991971254348755,104.73739795470505,316.4820433198736,0.9933809638023376,288.9275368679775,359.3828454178371,0.995061993598938,175.07658883426967,340.39213373419943,0.8697017431259155,274.16599916608146,451.867401465941,0.9530750513076782,161.2399326281601,434.3779626053371,0.9470142126083374,254.41458369908707,608.6056004213483,0.9787760972976685,178.4270485867275,595.1146089360955,0.650080144405365,243.19497783532302,734.3634238939607,0.5352321863174438,185.51412175210675,732.7535770716291
57,0.9241439367041868,0.9997722506523132,214.9198450667135,67.43112628379565,0.9999635219573975,238.8156162219101,52.29523047972261,0.9995688199996948,202.052948340941,51.46571470110604,0.9953311681747437,260.3514527738764,68.60918023613061,0.9975264072418213,174.03997871313203,63.32518159673455,0.9819223880767822,316.8257604020365,187.60917749297752,0.9813153147697449,130.61309471558988,181.9303431135885,0.9982073307037354,333.6528649490871,318.515350684691,0.9991706013679504,104.37058352352528,316.062834664677,0.9941295385360718,290.5363687236657,362.3676702949438,0.9960025548934937,175.44546063026684,341.43214536516854,0.8712027072906494,272.53730688202245,450.4870193995786,0.9444589614868164,161.32373595505618,434.1667398174157,0.9394036531448364,255.92647252457863,609.1947199789325,0.9737890958786011,176.9483244820927,596.269805565309,0.6040693521499634,242.638885840941,735.6465611832865,0.43461325764656067,183.56708655196627,733.0499473314607
58,0.9273214568110073,0.9998365640640259,214.73610867275278,67.81822633207514,0.9999662637710571,238.30706307057585,52.625873008470855,0.9995841979980469,201.65360011411514,51.66468245259831,0.9940189719200134,259.5293023613062,69.08287476957514,0.9975711703300476,173.4061457601826,63.28643455933989,0.9837406873703003,317.23235055301967,187.52577192327948,0.9822529554367065,130.11038448033707,182.08740234375,0.9979762434959412,333.349609375,318.3765745698736,0.9993338584899902,103.14911231566012,316.0649468925562,0.9961268901824951,289.3314935919944,363.1857334094101,0.9960271120071411,176.41217521067415,342.3324207777388,0.8708652257919312,273.25793319873594,450.21029011587075,0.9364796876907349,161.32236437851122,435.76509282830057,0.9513471126556396,255.70638935217698,607.518159673455,0.9577516913414001,177.32257285814603,597.5910726825842,0.671122670173645,243.15212978405896,735.0599104634831,0.4304634630680084,183.75312719452245,732.2858694698034
59,0.9204824601902681,0.9998288154602051,214.30200469627806,68.00205873639396,0.9999719858169556,238.07002721207863,53.37882052646594,0.9996105432510376,201.44341972436797,51.78307008207514,0.9947112202644348,259.26209181882024,70.90873803985252,0.9977141618728638,172.4584686622191,62.853462133514746,0.985580563545227,316.7994261323736,187.5187220198385,0.980758786201477,128.33833501580057,182.41977648788622,0.9978961944580078,333.5691439167837,318.53362008426967,0.9993199706077576,102.6674283488413,315.8834598841292,0.9963957071304321,290.15249188026684,363.7078103054775,0.9964597225189209,176.1170119382022,343.43001119206457,0.8710443377494812,274.3254312236657,449.5243646857444,0.9385342001914978,162.53256122717698,437.31387706285113,0.9522297382354736,255.82165664501406,608.1399776158707,0.9792873859405518,177.64012025983146,595.841489641854,0.5723376274108887,243.99049223139042,735.8603076720506,0.3865208625793457,182.84717345505618,732.2247520189607
60,0.9363018204184139,0.9997838735580444,213.25996313202245,68.02841357970506,0.9999587535858154,237.37005683813203,53.08666443556882,0.9996428489685059,200.78424003686797,51.209799091467694,0.9962155818939209,259.47405525807585,68.70658960235252,0.9977167844772339,171.3672423630618,63.16428881012991,0.9835681915283203,315.03607246313203,187.2854031337781,0.9660043716430664,125.27234023876403,182.8094825316011,0.998400092124939,333.4375822945927,318.5419867011938,0.9987891316413879,102.7260220988413,313.68054336376406,0.9973093271255493,290.3446223226826,363.3264297313904,0.9978501796722412,176.47488369030896,343.2840205846208,0.8845157623291016,273.761384085323,449.2276652475421,0.9246745705604553,158.5595428809691,442.80501119206457,0.9461425542831421,254.59118789501406,604.8929073033707,0.9907844066619873,178.5198220242275,593.651520804073,0.6944106221199036,244.40970088658707,734.2125504740168,0.5413638949394226,184.11689672577245,730.2704748946629
61,0.9344443713917452,0.9997950792312622,213.0101716116573,68.2239592477177,0.999960720539093,237.28853032830057,53.16354130091292,0.9996386766433716,200.37841796875,51.30897093354986,0.99375319480896,258.20740431882024,69.71774326281601,0.9975655674934387,171.01137311271066,63.53399726781952,0.9828464984893799,314.41507746664325,187.64383723226825,0.9665692448616028,124.93825162394663,183.18699525983146,0.9983910918235779,333.92114532127806,318.80521967169943,0.998593270778656,102.0931766810042,313.47266722261236,0.9972652792930603,287.33187214712075,364.1161560744382,0.9977762699127197,174.84973007373594,342.990448340941,0.88322913646698,272.9319368855337,452.7356642819522,0.92528235912323,158.81484813904495,441.74055806706457,0.9711058139801025,253.1466709094101,606.3544044066011,0.9869357347488403,176.37750175561797,594.1931838132023,0.6647664308547974,244.03235274754212,735.2942854634831,0.5220799446105957,184.49756408005618,729.5879235428371
62,0.9277304691426894,0.9997943043708801,212.8873880793539,68.42433972305126,0.9999625086784363,237.2802460059691,53.43031979678722,0.9996382594108582,200.37586683637642,51.44178411933813,0.9939966201782227,258.011076852177,69.80989949087079,0.9976212978363037,170.9151433023174,63.706767907303366,0.9839104413986206,314.5935470066713,188.18607630354634,0.9703167676925659,125.5393861920646,183.1327631232444,0.9980525970458984,333.3472776948736,318.6301242099719,0.9987902641296387,101.21949613764045,314.42934186271066,0.9978810548782349,285.9150335761938,364.53306048103934,0.9971867203712463,174.5626316713483,343.7817108497191,0.8726693987846375,272.8856873244382,450.64044395189603,0.9209829568862915,157.24058001228934,440.97033554248594,0.9745886325836182,254.53635226474717,606.9898832514044,0.9858824014663696,176.58625570575845,593.3939387289325,0.6085916757583618,243.74220944522472,736.3339953476124,0.4715520739555359,183.9941954880618,731.5334225772472
63,0.9225040674209595,0.9997681379318237,212.82761477352528,68.2006561622191,0.9999616146087646,237.33829112535113,53.299930872542134,0.9996012449264526,200.67753138167132,51.47430419921875,0.9937809705734253,258.23486328125,70.02686918451545,0.9976997375488281,171.29819719978934,63.94899518302317,0.983305037021637,314.7766524754213,188.37373540642557,0.967757523059845,125.1733124122191,183.21978965502106,0.997799277305603,332.46922182233146,318.38079902563203,0.998771071434021,100.27637267380618,313.58990958567415,0.9974387884140015,286.0160639044944,364.41987798455057,0.9965242147445679,173.02188487535113,343.3305444610253,0.8274683952331543,273.5641239466292,450.5399622542135,0.9351904392242432,157.37499451369382,440.07263869382024,0.9677062034606934,253.73340392380618,606.3358058286517,0.9825392365455627,176.01540554775278,593.0315682057584,0.5471414923667908,243.18691296523878,737.1261630969101,0.490115761756897,184.3449899051966,732.0361328125
64,0.9330029417486752,0.9997866749763489,213.5452784849017,67.5299346580934,0.9999698400497437,237.4931146857444,53.03186309471559,0.9995446801185608,201.43077378862358,51.33448225728581,0.9946897029876709,264.80337078651684,69.28114987491222,0.9977594017982483,174.2382538184691,62.44837385884831,0.9835816025733948,314.99945136938203,188.5351288184691,0.9744583368301392,125.37526334269663,183.06838132022472,0.9978457689285278,332.0667464009831,317.46941384304773,0.9991633892059326,97.80244634392557,313.4708018785112,0.9965503215789795,281.70769509304773,365.2556344364466,0.9950404763221741,173.24558900983146,343.45766217521066,0.8411734104156494,273.0574910024579,449.1523108321629,0.9254647493362427,158.34790862008424,443.13303743855334,0.9672045707702637,253.75628182057585,607.4598402387641,0.9720988273620605,175.67327949438203,593.6611767029494,0.6600296497344971,242.75854217872188,738.6169570751405,0.5566886067390442,185.41438070575845,730.8420382724719
65,0.9216739360023948,0.9997782111167908,214.29281513342698,66.62354201413272,0.9999693632125854,238.10352111130618,52.661674585235254,0.9995992183685303,201.70390954178367,50.8474868602967,0.9960618019104004,265.60324679599717,69.15913442547401,0.9981275796890259,174.50916761762642,61.970756616485254,0.9855563640594482,315.65739663799155,188.9308835147472,0.9650541543960571,124.4163118855337,183.37291246049858,0.9973739385604858,331.5951160902388,317.5261148174157,0.9992969036102295,96.00784816099016,313.90520760182585,0.9965430498123169,283.02558813202245,365.42351540554773,0.9865685105323792,167.9252161604635,336.87930675035113,0.8648724555969238,272.52545646067415,445.0940901509831,0.8908182382583618,155.1953673630618,442.6615717169944,0.9660981893539429,253.63843596383424,607.7902804599719,0.9717427492141724,175.2457865168539,594.7905328300561,0.5931803584098816,242.9833435744382,736.8719276685393,0.45781582593917847,188.00240848841293,734.153627545646
66,0.930143209064708,0.9997456669807434,214.23808922928367,65.88941252633427,0.9999653697013855,237.66020014044943,51.925117406952246,0.9996609687805176,201.89036165730334,50.244209203827246,0.9967477917671204,259.6339262201545,69.54853872234901,0.9981275796890259,174.6847568469101,61.916819368855336,0.9840477108955383,315.52761806530896,188.6059844627809,0.9562293291091919,125.28081658181179,182.89874473314606,0.9965072274208069,330.09354152036514,317.36437851123594,0.9988224506378174,92.31511148174155,313.3687017205056,0.9945186972618103,278.88820005266854,367.59612008426967,0.9790010452270508,163.23505530196627,333.0730721120084,0.8749587535858154,271.5447517995084,448.14757614992976,0.9090708494186401,160.1266513781601,444.23943337429773,0.956811249256134,255.00842147998594,606.8403265449438,0.973300576210022,174.6481357531601,594.4494491748595,0.6774086356163025,242.6561677054073,735.7317635182584,0.5175106525421143,187.12940001755618,733.4395847963483
67,0.92324640119777,0.9997304081916809,214.94093991397472,65.06696722480687,0.9999642372131348,237.78397120786514,51.24496288513869,0.999671220779419,202.45934647120788,49.472436797752806,0.9975532293319702,260.10042683462075,68.92807864071278,0.9982953071594238,175.3052580758427,61.70679671041081,0.9786515831947327,318.6405207601826,188.93226880705757,0.9590440392494202,124.91482509655899,182.90104898174158,0.9957467913627625,329.50790576720505,318.0542815133427,0.9976756572723389,91.65449163886939,310.65292529845505,0.9850826859474182,279.4620402475421,364.2248397998595,0.9776408672332764,158.64573275105334,322.79082909058985,0.86431884765625,268.7101968486657,442.64549683988764,0.8793354630470276,159.63889132724717,438.9441329441713,0.9574987888336182,253.67686753862358,605.004334181882,0.9485249519348145,173.86172862535113,592.6503247893259,0.6802898049354553,242.26164742801967,734.7990366046348,0.47616493701934814,186.28972085674155,734.6729612886236
68,0.9118678412016701,0.999799370765686,216.26451127984552,64.34973556004213,0.9999685287475586,238.33408312851122,50.86630146155196,0.9997149705886841,202.89893675386236,49.07227934076545,0.9976003170013428,260.9126744645365,67.7417266502809,0.9980471134185791,175.20894597085675,61.03580089097612,0.9798973798751831,318.1649403089888,189.36283411604634,0.9597705602645874,125.0730227352528,182.76457711551967,0.9966026544570923,338.8574767380618,323.43621071804773,0.9942456483840942,86.5181980775983,311.1474883690309,0.9903924465179443,284.20262025983146,362.01443447155896,0.9935469627380371,155.2806794241573,309.9876832426264,0.8545693159103394,268.18181070049155,447.70562675561797,0.7890127897262573,161.54365453827245,435.6644465414326,0.9230520725250244,251.94843420821627,606.9704617275281,0.9270287156105042,173.31921523876406,592.2885028967696,0.6022129058837891,240.50594715589887,736.689453125,0.49629154801368713,186.75166783707863,734.4584467169943
69,0.9147274003309362,0.9997643232345581,216.13050825140448,64.12402206592346,0.9999692440032959,238.10618196980334,50.82518159673455,0.999711275100708,203.00564540905896,49.11447246422928,0.9975792169570923,260.51291476474717,68.04981017380618,0.998014509677887,175.46052054073033,61.38739082250702,0.9803818464279175,317.0236788974719,189.16333830758427,0.9570287466049194,126.01258010007021,182.83273075403793,0.9975399971008301,338.3223150017556,324.0165796172753,0.9702710509300232,85.8093536034059,315.6392918275983,0.9887387752532959,280.3760314255618,362.21545272998594,0.9950222373008728,146.84655350245788,301.8900324789326,0.833274245262146,267.94332097085675,447.6436863588483,0.8337490558624268,158.03197967872188,428.38938509480334,0.943535327911377,251.76423147823033,606.2620150105337,0.9510326981544495,174.23284980688203,592.2384677844101,0.5941120982170105,240.03925452071627,736.5245896242977,0.5106411576271057,187.52767841467698,734.0396221032303
70,0.9184193996822133,0.999792754650116,215.71664874473316,64.55965535024579,0.9999721050262451,237.8519739729635,51.041170613149575,0.9997082948684692,202.7787592169944,49.648444357882724,0.9978600144386292,260.3966873683286,68.74122191011236,0.9978373050689697,173.8525390625,63.32614170031601,0.9825177192687988,316.44841226299155,189.03616573033707,0.9617187976837158,127.54496027914325,183.57757911253512,0.9976861476898193,337.81027804599717,324.9115881759129,0.9695957899093628,79.87094836288622,314.4850004389045,0.9930645227432251,284.2562489027388,359.46670360779495,0.9905850887298584,143.6596131056882,292.38152321804773,0.8121477365493774,267.1614949087079,445.14590831285113,0.8314098119735718,160.13213768433985,422.5407632549157,0.962425947189331,249.34350860252806,605.801055565309,0.9528946876525879,174.6776795119382,591.0935305477528,0.6150636672973633,241.4066066099017,736.2805038623595,0.5488494038581848,186.7508174596208,735.0766985603932
71,0.9128752070314744,0.9998092651367188,215.00274315308985,65.14585344978933,0.9999721050262451,237.1219660726826,51.55728458018785,0.9996699690818787,202.11447726474717,50.26599669724368,0.9971059560775757,259.2042661516854,68.59140460410815,0.997624397277832,175.37337056706463,61.75738045338834,0.9845889806747437,315.6299376755618,189.38181673542837,0.9792372584342957,130.15693578827248,182.73297599192415,0.9981211423873901,336.6606500175562,323.67812938904495,0.9896483421325684,81.27291904406601,314.74554511938203,0.9929300546646118,282.8028989641854,359.23655306355334,0.9768598675727844,147.4588527036517,281.18707206811797,0.79134202003479,268.08739137113764,444.78575974367976,0.8364456295967102,163.4522033005618,426.56153989641854,0.956843376159668,252.79908598139042,597.7784300386236,0.95725417137146,174.54496576544943,591.5024798103932,0.5420912504196167,240.44504915730334,736.368010445927,0.5193347334861755,187.37123639396066,733.7785287921348
72,0.9120212092119104,0.9997966289520264,214.49797555301967,65.46907232048807,0.9999719858169556,236.83168561271066,52.290697419241575,0.9996525049209595,202.32369755091293,50.52585216050737,0.995864987373352,272.6267611042837,68.61870583523525,0.9979904890060425,174.98861591467698,62.072856774490866,0.9863349199295044,314.5457612798455,188.56863643346207,0.9761147499084473,133.54840567942415,177.79892139220505,0.9984556436538696,336.50335761938203,324.04080165905896,0.9972107410430908,86.93865486745085,314.42530942766854,0.9913076758384705,284.3667979722612,358.37997607970505,0.994217038154602,143.1981873244382,272.85062982794943,0.8124074935913086,268.41138518258424,446.0409168714888,0.8724020719528198,162.72861437851122,432.2889143697331,0.9532622694969177,252.26965743504212,597.0952751931179,0.9619823694229126,174.4628083304073,592.7776619557584,0.5759626626968384,241.16287745786514,735.6848556004213,0.39142632484436035,187.19306860077245,734.8247125175561
73,0.9121441157425151,0.9997378587722778,213.58222875702245,66.41347820839185,0.9999665021896362,236.79948099543537,52.648514308286515,0.9995790719985962,201.9729854283708,51.22339827291081,0.9954367876052856,258.16192284058985,69.94919680477528,0.998293399810791,175.14110779494382,62.79810530416081,0.9855157732963562,313.16008492801967,188.5040626097261,0.9767663478851318,132.54501514220505,184.11269970154493,0.9985939264297485,336.4820158883427,323.4457020277388,0.997128963470459,82.35527124297752,313.6543188202247,0.9931261539459229,280.8562203739466,357.6668934339888,0.9775250554084778,128.21352155021066,268.4446047665028,0.7932823896408081,268.8628258865871,448.5867823911517,0.8951298594474792,160.03330187851122,434.2327675122893,0.9372153282165527,253.1587407830056,598.1581921523876,0.9698390960693359,174.30063311973316,592.3057847612359,0.5532582998275757,241.81835388869382,736.387541695927,0.43605515360832214,180.4981017380618,730.6239576018259
74,0.91713405882611,0.9997122287750244,212.81057979283707,67.1199704288097,0.9999580383300781,236.2158477440309,52.926738610428366,0.9995629787445068,202.53406996137642,52.27279148744733,0.9955807328224182,272.19378182057585,69.13358881232443,0.9982681274414062,173.3586892117275,64.99375932672051,0.987331211566925,312.9362984989466,188.50378829441712,0.9832291007041931,135.12552668539325,181.57089404845505,0.9985699653625488,335.9127018960674,322.70096339536514,0.9985872507095337,88.04311688026684,315.0662745786517,0.9938337802886963,279.1849543539326,357.1165620610955,0.986345648765564,113.64137113764045,270.7982026860955,0.8075478076934814,267.87424837605334,452.83554248595505,0.9259315729141235,157.52575820751406,435.71884326720505,0.9494194984436035,253.67763562148878,597.3009019487359,0.9741163849830627,173.77087539501406,592.126437412219,0.5864760875701904,242.06318030196627,736.6435876053371,0.4068085849285126,180.21640734726122,731.3057957338483
75,0.9131017257185543,0.9997057914733887,212.49882044417132,67.63554605205407,0.9999570846557617,236.0819544417135,52.96701495567064,0.999610424041748,202.2611536604635,52.61380999275807,0.995956301689148,272.1411955758427,69.38680241616925,0.9983475208282471,172.9569544417135,65.51511614510183,0.9884641170501709,312.2359440835674,188.45773075403793,0.9824362993240356,138.07562324438203,180.85261312763342,0.998581051826477,335.94871949613764,322.39150829529495,0.9949983358383179,91.31377830933988,309.16015625,0.9945036172866821,278.20899534761236,356.03534827071627,0.7313985824584961,98.0066192284059,280.26948735955057,0.8203697204589844,270.4120764571629,444.35620940133424,0.912090539932251,156.59541783707863,437.0715194873595,0.9573408961296082,253.34354700667132,597.5330275632023,0.9790300130844116,174.39713724543537,591.5764352176966,0.6957590579986572,241.10472261235952,734.3935985779494,0.4741799831390381,188.26265142205057,732.6826939957865
76,0.9052107509444741,0.9997034072875977,212.15068688553367,67.7938877062851,0.9999569654464722,235.83336990870788,53.338311013211026,0.9996254444122314,202.30660770716293,52.65325996313202,0.9960392713546753,271.86506978581457,69.63520178634128,0.9984470009803772,173.04583260182585,65.58067750395014,0.988370418548584,312.2288118855337,188.54523733760533,0.973812460899353,135.66979568995785,176.8006194039677,0.9982833862304688,335.6660101386938,322.48916454529495,0.9499748945236206,93.30165905898875,297.0584346471208,0.9931330680847168,279.0177591731039,354.87362293714887,0.8988170623779297,159.33821431706463,252.69119777036516,0.8209643363952637,269.87488478757024,444.8309120435393,0.9000312089920044,156.0941889044944,439.73210366924155,0.9398846626281738,252.51086288623594,600.0600750526685,0.9732813835144043,174.7766799069522,590.9071058637641,0.5601209402084351,241.17162811622188,736.885588570927,0.39813685417175293,180.45928612183985,731.7045953300561
77,0.8981676557484795,0.9997605085372925,212.04943710498594,68.32132746664325,0.9999542236328125,235.0891799069522,53.82698316252633,0.9997559189796448,201.15209686622188,53.62330061666081,0.9965522289276123,271.7503511235955,69.48792189694522,0.9984791874885559,172.46104722612358,66.12978131583567,0.9867653250694275,310.7507187061095,188.28766897823033,0.9667149782180786,141.46569412745788,180.11625482794943,0.9981753826141357,335.42222612359546,322.48886279845505,0.8386960029602051,92.73857202422752,290.0159377194522,0.9895098209381104,279.7969792398174,354.10005376580057,0.8905447721481323,137.60648920294943,274.98856105161514,0.837108850479126,269.5285617099719,444.83999188026684,0.8616727590560913,156.76211925035113,437.08838987886236,0.9480243921279907,251.70423872015448,598.7570224719101,0.972196102142334,174.71567218223316,590.4476825842696,0.6082948446273804,240.4517424508427,736.5603603405899,0.3766448497772217,181.5282654494382,731.7561117450842
78,0.9157371012603536,0.9998065233230591,211.83895496839887,69.10169279977177,0.9999513626098633,235.07140427492976,54.560958347963485,0.9998248815536499,200.62395760182585,54.725581822770366,0.9969350099563599,260.6129026948736,71.0522735252809,0.9987902045249939,172.51401751228934,66.68175172270014,0.9872414469718933,311.49040993679773,188.3397065923455,0.9536638855934143,140.23870918188203,175.14921381232443,0.9982614517211914,335.3511784585674,322.96049310919943,0.911287784576416,107.78128291783707,271.898591116573,0.9908459186553955,278.56785463483146,353.1795887464888,0.9582363367080688,121.87590524051964,298.19237183988764,0.8507785797119141,270.2393675386236,444.4396835498595,0.8455649018287659,154.52033225070227,436.56340524051967,0.9410151243209839,249.43381320224717,607.2800539852528,0.9768931865692139,175.24112315660113,590.2770035990169,0.7044169902801514,241.25633668363764,736.254059866573,0.45401713252067566,183.4855874736657,732.3593311095506
79,0.9126436009126551,0.9998040199279785,211.61508624473316,69.69586661692415,0.9999486207962036,234.59840238764042,55.03854815879564,0.9998377561569214,200.81729503160113,55.07599219847261,0.9968526363372803,271.1571716994382,70.123291015625,0.9986778497695923,172.77255969101122,67.21290845549508,0.9875246286392212,311.0750691274579,188.05196354898175,0.9460941553115845,141.63678458567415,175.95043396681882,0.9984338283538818,335.2589262201545,323.1316658620084,0.9962457418441772,109.90796721383427,270.5624012464888,0.9944882988929749,279.02212078651684,352.4978877721208,0.8579782247543335,92.51330429248594,289.551604195927,0.8120165467262268,268.26525741748594,448.7012816011236,0.828278660774231,160.85306574789325,435.93640273876406,0.9456281661987305,249.1968322068118,608.3966818820224,0.9824853539466858,174.86484484726122,590.4522910814607,0.6587710976600647,241.22912460498594,737.2172906425561,0.5118756294250488,183.05027650983146,731.4768038974719
80,0.911981438889223,0.9997955560684204,211.684295997191,69.5459258690309,0.9999421834945679,234.5796392205056,54.72272551461552,0.9998317956924438,201.09717894136236,55.04612269026509,0.9972259998321533,271.19406710849717,70.06257132198033,0.9986989498138428,173.0467927054073,67.40361931618679,0.9852356910705566,312.35208918539325,188.62249824438203,0.9306689500808716,142.3384557145365,176.15452455670646,0.9983394145965576,334.8413360252809,322.49539150280896,0.997694730758667,106.57411725333566,270.1488709181882,0.9957975745201111,281.80845110603934,352.6295042573736,0.8972517251968384,94.09733804424155,295.88891875877806,0.8168283700942993,270.88318556882024,445.5829748946629,0.835993766784668,159.1356598929073,433.658845022823,0.9311856627464294,251.42800320400278,606.8820224719101,0.9742941856384277,173.82675342345505,591.5959116046348,0.6610305905342102,241.12038601650278,736.6353032830056,0.4838693141937256,182.15943754389042,731.6128094276685
81,0.9033170798245598,0.9997904896736145,211.9287109375,69.23028495874297,0.9999476671218872,234.38706987359552,54.4317352637816,0.9998018741607666,200.88425539852528,54.77333326018258,0.9974856972694397,271.3769805565309,69.7363006934691,0.9987620711326599,172.39378511235952,67.68994963570927,0.9856119751930237,311.28042156776684,188.63353943556882,0.9390558004379272,142.02082601825845,176.80044109901684,0.9985523223876953,334.3968903616573,322.4829375877809,0.9936584234237671,102.10586376404493,272.0641952686095,0.9967571496963501,281.0949569873595,352.4457678634129,0.711672306060791,84.43496532654493,300.86362688728934,0.793717622756958,270.4321014747191,437.8856598929073,0.845797061920166,158.23628972085675,432.8027618065309,0.9413421154022217,249.50752172577245,607.0313048630618,0.9750015139579773,172.9509469364466,591.5980512640449,0.6911312341690063,241.9876887289326,735.2977418363764,0.4883050322532654,183.17026202598316,731.1972217345506
82,0.91041600002962,0.9997818470001221,211.43044461025278,69.48137947682584,0.9999433755874634,234.06993394487358,54.65627605995435,0.9998128414154053,200.38653770189603,54.81707969408357,0.9977124333381653,271.1971120084269,69.45347475201896,0.998555064201355,171.97852659761236,67.65547505925211,0.9886616468429565,310.0203541959269,188.167724609375,0.9491002559661865,139.94327159410113,177.2664342301615,0.9983294606208801,335.1285167222612,322.94814892029495,0.9974141120910645,108.23021363676264,276.4201852176966,0.9975317120552063,282.7788140800562,352.3751042398174,0.6805620193481445,84.61309197243679,319.6123376053371,0.8162974715232849,269.9915236569522,440.74975860252806,0.8689992427825928,159.30982268258424,432.3534333304073,0.9367002248764038,249.6317865607444,605.7765866397472,0.971594512462616,172.66829244206463,592.3194456636236,0.7188236117362976,243.00062543890448,734.1109989466291,0.5572521686553955,183.4643829002809,731.0725179950842
83,0.9124095054233775,0.9997672438621521,210.71357641327245,69.68743827905547,0.9999302625656128,233.42394882373594,54.740147965677664,0.9998350143432617,199.77174223139042,54.97732441077071,0.9979369044303894,270.9077916520365,69.61824910024579,0.998607873916626,171.42981368504212,67.65554363807935,0.9876694679260254,309.71037789676967,187.97065649139748,0.9526297450065613,137.33305170294943,181.2314700008778,0.9982339143753052,334.6483552054073,321.29457623771066,0.9983142614364624,107.35760292310394,277.95355293188203,0.997925341129303,284.3518752194522,352.2982410902388,0.7498940229415894,99.38221449262639,321.47535002633424,0.8635872006416321,268.98130266853934,444.34918692942415,0.8751014471054077,159.31736635358146,434.050018653441,0.9218538999557495,250.86362688728934,604.6418539325842,0.9608082175254822,172.79381912745788,591.6683857092696,0.6904512643814087,243.661835059691,734.3663316362359,0.5184155106544495,183.4204650193118,732.3721690660112
84,0.9211767771664787,0.9997228384017944,219.28760314255618,69.46411818600772,0.999908447265625,232.65205297577245,55.11633026465941,0.9998313188552856,198.82889308286514,55.04226513123244,0.9984568953514099,270.09669614641854,69.50008778089888,0.9987474679946899,170.76575118504212,67.94310837649228,0.9862260818481445,308.1465063202247,187.80654735779493,0.9639965295791626,136.1157500877809,180.97785178195224,0.9979207515716553,334.3869601474719,320.75085586376406,0.9986622929573059,106.34738193469101,277.8495599982444,0.9964300990104675,285.0313542398174,351.5373452861657,0.8824836015701294,95.12685711464184,309.2033060481039,0.8869510889053345,268.00630376580057,446.6968596383427,0.8680756092071533,162.8828618767556,433.30061666081457,0.9381918907165527,250.15745698735952,608.3021528265449,0.961859941482544,173.88858409410113,591.1958501580056,0.5924349427223206,244.47136696804773,735.5004059866573,0.590105414390564,184.35769070400278,732.2977198911517
85,0.9232307532254387,0.9998005628585815,217.78863456811797,69.59903331285112,0.9999035000801086,237.78303853581457,54.576179418670996,0.9998725652694702,197.36791717872188,55.33653345000878,0.9985701441764832,269.45010753160113,69.36923937851124,0.9985772371292114,170.1433297489466,68.26067635182584,0.9856632947921753,306.9751525193118,187.21911483936094,0.9639190435409546,136.76735867275278,181.85168319873594,0.9975203275680542,333.98621291257024,319.9026729283708,0.997494101524353,107.72570663623594,277.18371444873594,0.9969507455825806,285.52591731039325,351.3114466292135,0.826438307762146,95.39564497015448,312.25613369030896,0.8842403888702393,268.3801955319522,450.5021341731039,0.8611275553703308,157.20733299683985,427.8398492363062,0.9503574967384338,248.6454035726826,608.9445444171348,0.9778058528900146,173.7297555301966,590.9714602352528,0.6679458618164062,243.94133492801967,733.759765625,0.588735818862915,184.49034958742976,731.8603515625
86,0.9215938589152168,0.9998329281806946,216.60512859901684,69.7000156359726,0.9999076724052429,236.98264132724717,54.470146264922754,0.9998798370361328,196.30006254389042,55.42620369557584,0.9984588027000427,268.56579727001406,69.62191806750351,0.9985612034797668,169.11365980512642,68.09139637464888,0.9859874844551086,307.04929994733146,186.77200831724016,0.9708752632141113,135.92946256144663,181.02523975158005,0.9975832104682922,334.1182683023174,320.4082086113062,0.9960814714431763,107.22291410639045,277.56707009304773,0.9969888925552368,284.4173268521769,351.2138452422753,0.861684262752533,98.85625603493679,314.36142139220505,0.8795655965805054,269.4970703125,445.76007285814603,0.8502624034881592,156.5328190835674,428.52618613939603,0.9514614939689636,248.9774896857444,609.7006671348314,0.9774338603019714,174.80696431706463,591.0342784410112,0.6944907307624817,243.4445224719101,734.1709094101124,0.5080404877662659,184.51753423455057,731.7908400632023
87,0.9234256253522986,0.9998593330383301,215.121795997191,69.44694604766502,0.9999101161956787,235.64044395189603,54.49848303634129,0.9998791217803955,195.4606851299157,55.75548150566187,0.9989228248596191,267.1186468574438,70.70669795689957,0.9982659220695496,168.15967345505618,68.02271467916081,0.9848930835723877,305.5589448735955,187.0066439167837,0.9750510454177856,134.64388386587078,180.99702642205057,0.9975714683532715,334.0959116046348,320.36717104108146,0.9958069324493408,106.27589536516854,277.2217071190309,0.9965388774871826,283.9021901334269,351.5796995698736,0.9105240106582642,97.0985806925913,315.4472711113062,0.8968435525894165,270.03492033883424,447.7827367889747,0.8501499891281128,156.63357509655896,429.28617670294943,0.9403660297393799,249.90980512640448,609.9404187148876,0.9773870706558228,175.40384699789325,591.288239554073,0.6217902302742004,243.46273700842698,735.1649732268259,0.5544760227203369,184.66747498244382,733.3924025632023
88,0.9232650890069849,0.9998589754104614,214.55547204178367,69.97404291388693,0.9998911023139954,235.3730962517556,54.548555867055825,0.9998641014099121,194.5695444171348,56.06197742933637,0.999008297920227,265.3539216116573,70.90327230732092,0.997829020023346,166.94892797577245,68.17800457557935,0.9853222966194153,305.59112205933985,186.9748507724719,0.9771988391876221,134.65858716643257,181.41358793451545,0.9971705675125122,334.1508569610253,319.7749791520365,0.9959571361541748,106.57289655021066,276.8042815133427,0.9968574047088623,283.0290993679775,351.56343267205057,0.9153959155082703,95.10114005442415,311.4696991309691,0.883420467376709,268.8659805126404,443.8029428546348,0.8653839826583862,162.6391875877809,433.63037109375,0.9430328607559204,251.26623946629212,610.5587802844101,0.9748202562332153,175.75134963132024,592.0734945575842,0.6385295391082764,244.08935546875,734.4834642731741,0.5259657502174377,184.6155470944522,732.3254257373595
89,0.9268280758577234,0.9998643398284912,214.3094935042135,70.09957645716293,0.9998931288719177,235.74087078651684,55.01450785090414,0.9998202919960022,193.73562587780896,56.464356840326545,0.9988799095153809,265.3438268082865,70.21378763606039,0.9969456195831299,166.08947068117976,68.2305908203125,0.9846775531768799,305.74070619733146,187.52648514308285,0.9781600832939148,133.85281337780899,181.5929627150632,0.9970358610153198,333.9050978757022,319.77923103932585,0.995254397392273,106.07731851299155,277.38547335849717,0.9957567453384399,282.64478362008424,351.04585454705057,0.9144982695579529,95.27020057935394,310.8797566274579,0.8698503971099854,269.39924947331457,443.6931618679775,0.8645644187927246,161.41917025105334,433.5246225421348,0.9240338802337646,252.69890603054773,607.3459445224719,0.977064847946167,175.9183527914326,591.2380398525281,0.6480696201324463,243.7228153528792,734.0683703476124,0.6117079257965088,184.8267424508427,731.7289545294943
90,0.9235319249770221,0.9998652935028076,213.75990278265448,70.1825774117802,0.9999006986618042,236.2715611832865,56.26512163140801,0.999875545501709,194.0425847085674,56.49692835432759,0.9991508722305298,264.43386806530896,71.13014478362008,0.9966126680374146,166.50645738237358,67.49917705407303,0.9860056638717651,305.3361734111657,187.1600684691011,0.9774768948554993,133.77282303370785,182.3228334576896,0.9966339468955994,334.2654933286517,319.0149062938904,0.9959715008735657,105.21952082601825,276.8385434954354,0.997734546661377,285.1905942766854,351.92936929424155,0.9185993671417236,94.40629937675561,316.1301790730337,0.7901507616043091,269.43548652563203,447.1577093574438,0.8825597167015076,161.43639725245788,427.4848303634129,0.9383283257484436,249.17052536867976,604.3880574087078,0.9868296980857849,176.72067020716293,590.1942152387641,0.6780130863189697,241.97646923279495,736.4725794417135,0.5563341379165649,184.3021144224017,731.4178261060393
91,0.9156113003983217,0.9998522996902466,214.02807342872188,70.42372114202949,0.9998865127563477,236.3640328739466,56.441468656732795,0.9998624920845032,194.12784190660113,56.67803132132198,0.9991533756256104,264.4030624561095,74.40269213044242,0.9965413808822632,166.4450107531601,67.55021341731039,0.9857858419418335,305.9774128774579,187.20175068030196,0.9715386033058167,134.8677800210674,182.19583918539325,0.996482253074646,334.1167047050562,319.2843113588483,0.9954215288162231,105.66784805126403,277.0627688290028,0.9974658489227295,285.9533279933286,351.8624363588483,0.9154514670372009,95.98203509041431,316.6548071014747,0.8279896974563599,270.0584017292837,449.49556157830057,0.8605513572692871,163.43599126580057,430.28915576720505,0.9261845946311951,249.39757614992976,606.3324043188202,0.9833836555480957,177.17798125877806,591.3389330231741,0.6189689040184021,242.60281337780896,736.677218662219,0.4908722937107086,184.31544614641854,731.6543956285112
92,0.9120857698075912,0.9998282194137573,213.8793122366573,70.59144437982795,0.9998798370361328,236.4407862974017,56.581962671172754,0.999845027923584,193.90605797928367,56.728543056530896,0.9991636276245117,264.44448406776684,74.47705215282654,0.9963712096214294,166.09229612886236,67.52661544285463,0.9863405227661133,305.95247761587075,187.54096899139748,0.9753109812736511,135.0045536341292,182.24794537833566,0.9954193234443665,334.67180916432585,318.4912383690309,0.996383547782898,105.21588614817415,277.3292387201545,0.9975478649139404,285.9031831548455,351.91013979108146,0.909699559211731,96.75442470593399,314.2191066099017,0.8065619468688965,270.21868416432585,448.39624297752806,0.8582018613815308,155.86239246839887,430.9542880969101,0.9386751651763916,250.05938926439603,607.4049771769663,0.9755518436431885,177.21169461025278,590.6285660990169,0.6154949069023132,242.97983233848316,736.2262442942415,0.45518264174461365,182.8051483497191,731.9950403792135
93,0.9178817359840169,0.9998501539230347,213.46051505442415,70.53097156996138,0.9998994469642639,236.01167485955057,56.534718717082164,0.9998493194580078,193.3976968486657,56.682879844408355,0.9991096258163452,263.5425627633427,71.66853658268961,0.9955344200134277,166.07762025983146,67.91600602396419,0.982960045337677,306.3875691274579,188.10572934954354,0.9796572923660278,134.37831921523875,182.46811084533005,0.9951344728469849,334.7245874297753,318.6622465326545,0.9964810609817505,103.7278627545646,277.7778539764747,0.9973262548446655,283.8887486832865,351.9328530986657,0.9184109568595886,98.76123321190309,316.22391261411514,0.816414475440979,270.4431838132022,447.6555367801966,0.8543542623519897,156.60202883602528,430.46691208742976,0.9474747180938721,250.02134173103934,608.4361832865169,0.9762320518493652,177.09834752457863,590.953794329354,0.6557091474533081,242.59082579880618,736.8475684691011,0.4895918071269989,183.62872520189603,732.1223226825842
94,0.9148981606259066,0.9998429417610168,213.32042222612358,70.5097532808111,0.9999091029167175,235.4641963658708,56.50615906447507,0.9998419284820557,193.17270343223316,56.56877496269312,0.999152421951294,263.2539007636938,71.7315673828125,0.9953403472900391,165.4910518346208,68.14227500658356,0.9839181303977966,306.3579430740871,187.7986333611306,0.9764412045478821,135.56179775280899,182.30891195575842,0.9939228296279907,335.0141546699438,318.32220527563203,0.9969987869262695,103.10365826896066,279.27270782127806,0.9972555637359619,284.64212824789325,352.01926242099717,0.912493109703064,97.84441658620085,310.61907478932585,0.831885814666748,271.2842894136236,447.90922357794943,0.8508561849594116,156.64863500702245,430.70913250526684,0.9468660354614258,250.32243021418537,607.6584445224719,0.9752792119979858,177.65040708391854,590.5367253335673,0.6154801845550537,243.08089009831457,736.6287745786517,0.4777849316596985,183.9823176351826,733.0619623419943
95,0.915909304338343,0.9998524188995361,213.19920229108146,70.41907835542486,0.9999178647994995,234.7721811358848,56.34637725487184,0.9998276233673096,193.2682474543539,56.26865686995259,0.9991588592529297,263.12192766853934,71.35790878467346,0.9953200817108154,165.41481961025278,68.24958715545996,0.9832639098167419,305.51864795470505,187.92085454705057,0.9727140069007874,136.51468684164325,181.56529801615167,0.9926477074623108,335.79131737183985,318.35767424508424,0.9969231486320496,104.51771253950139,278.9595768960674,0.9976565837860107,285.6136159146769,351.93181070049155,0.9167484045028687,98.26698560393257,309.56652694873594,0.8346166610717773,271.3569281074438,449.7267270891854,0.8629069924354553,157.93053787745788,430.3050386235955,0.9497863054275513,250.71302778265448,607.4607180477528,0.9776613712310791,177.73796853054773,591.6839119557584,0.6268095374107361,243.17602264747188,736.799288974719,0.46464669704437256,184.36106478230334,733.0963614817415
96,0.9179727031904108,0.9998448491096497,212.75931026158707,70.0013029977177,0.9999210834503174,234.5674870523174,56.2221878566099,0.9998290538787842,192.9846877194522,56.13173581241222,0.9990819096565247,263.1294713395365,71.4453399315309,0.9955881834030151,165.2165993679775,68.07601414369734,0.9833289980888367,306.378571585323,187.85567722963484,0.9756664633750916,135.9861635358146,181.77521780635533,0.9927718043327332,335.5712890625,317.01843947507024,0.9977868795394897,105.21248463834269,279.45745918188203,0.996658980846405,285.7145639483848,351.57610603932585,0.9016624689102173,99.43999901246488,309.4943820224719,0.8658801913261414,272.02019509304773,446.3069752896769,0.8607832193374634,157.9220066713483,428.0690122454354,0.9471713304519653,252.22705626755618,609.4813246137641,0.9790419936180115,177.79272186622188,590.4597524578652,0.6458356380462646,242.83203125,736.1858650807584,0.4646829068660736,183.93647954705057,733.6894311797753
97,0.9141194101642159,0.9998462200164795,212.92299420646066,69.73643099324087,0.999917209148407,235.01075316011236,56.05511954661166,0.9998258352279663,193.08813202247188,56.05623395255442,0.9991082549095154,263.4174475509129,71.22945378335675,0.9960312843322754,165.3490936622191,67.57975717608848,0.9846559762954712,305.84253204002806,187.33425869030899,0.9752007722854614,135.83317788799155,181.53063827686094,0.9927640557289124,335.7434493504213,316.9071771857444,0.9967013597488403,103.56965140010533,278.92484857794943,0.9958822727203369,286.05411143785113,351.55454485603934,0.8911499977111816,98.91334105073736,310.79965655723316,0.8664538860321045,272.1190857619382,444.48511016502806,0.8645766377449036,157.23569719978934,427.3333534497893,0.9448875188827515,253.12862096207863,608.5759195049158,0.9850444793701172,178.03307693995788,590.3069588307584,0.6108493804931641,243.45892402563203,735.6696036692415,0.43713483214378357,184.22261784585675,733.6516305301966
98,0.9132927305558148,0.999854326248169,212.83787416608146,69.77416306399228,0.9999178051948547,235.04101013869382,55.9237259425474,0.9998304843902588,192.936737403441,56.005927953827246,0.9991658926010132,263.57537087429773,70.9735930367802,0.9960291981697083,165.29313333918537,67.4139678612184,0.9809343814849854,305.4860044329354,187.3921392205056,0.9747985601425171,135.8518313290028,181.07859407917837,0.992395281791687,336.1694061622191,317.0385467872191,0.996529221534729,103.57065265098313,278.95044219627806,0.996707558631897,287.5309701983848,351.75871774051967,0.8928497433662415,98.46465721558988,311.6703059164326,0.8738289475440979,271.8608453300562,443.65127392029495,0.8495391607284546,157.3827850684691,430.4420316889045,0.9492441415786743,253.02199460147472,607.5145935744382,0.9844600558280945,177.4426955319522,590.5218574438202,0.6625568866729736,243.88238456811797,735.6282917837078,0.3773347735404968,183.9933725421348,734.2823911516854
99,0.9124311874894535,0.9998577833175659,212.8394103318118,69.68536034058988,0.9999191164970398,235.1632724719101,55.91094627808989,0.9998265504837036,192.96521133251406,56.01493578278616,0.9991796016693115,263.5862886235955,70.95570767863413,0.9959885478019714,165.32876689782302,67.45870183023175,0.9811359643936157,305.17901817064603,187.19369952598313,0.9739519357681274,135.22005574087078,181.32184317942415,0.9923815727233887,336.2626733672753,316.63395913799155,0.9968224763870239,104.47748419943821,278.85591314080057,0.9961521029472351,286.5719090150983,351.7431366309691,0.8767872452735901,95.75531348753512,313.14999012464887,0.8678341507911682,271.9084116046348,443.4473753511236,0.8608460426330566,157.85658247015448,428.3765471383427,0.9526733160018921,253.06986262289325,608.2784519838483,0.984512984752655,177.31467257724717,591.4736767029494,0.626423180103302,244.60103581460675,735.712341994382,0.407037615776062,184.66533532303367,734.7363829880618
100,0.9095816980389988,0.9998610615730286,212.3803162306882,69.35961776904846,0.9999265670776367,235.12997059339887,55.70582014791081,0.9998175501823425,192.6147186622191,55.90315915225597,0.9991830587387085,263.63177010182585,70.71096355995435,0.9962925910949707,176.04755530196627,68.01710493109199,0.979347825050354,304.0978592433286,186.97841687148875,0.9716274738311768,133.58573999297752,180.39439683549858,0.9923809766769409,336.10247322682585,316.72442832689603,0.9960228204727173,105.81184987271769,278.857421875,0.9964537024497986,287.38791476474717,351.8192316976826,0.8979014754295349,96.99986832865167,313.42927054073033,0.859230637550354,270.6713318556882,445.98210366924155,0.867488443851471,158.94171896945227,427.01846690660113,0.9420637488365173,251.30796282478934,608.4296545821629,0.9827065467834473,177.81104612886236,591.4189233672753,0.5412030220031738,244.04176176264042,735.4919570751405,0.4413813650608063,185.0309701983848,734.361174508427
101,0.9069318981731639,0.9998648166656494,212.61277102352528,69.15713878160112,0.9999239444732666,235.45558286516854,55.49778627545646,0.9998358488082886,192.74606083216293,55.77815709489115,0.9992369413375854,263.47554753335675,70.84709938992275,0.9964590072631836,176.19719430301967,68.10282160726825,0.9806092977523804,304.1841039764747,186.80218300122894,0.9727280139923096,134.60550715414325,180.69703520014045,0.992447018623352,336.02108387464887,316.5799738851826,0.9968618154525757,105.19444840677667,279.356291695927,0.9931780099868774,286.98810020189603,351.4280854985955,0.8779675364494324,93.93246082777387,315.0427108936095,0.8592806458473206,268.99474411867976,446.88056860077245,0.8821751475334167,158.32961178897472,426.1280119820927,0.9463555812835693,251.19615190484552,608.157533795646,0.9863851070404053,177.95385467872188,590.5562565835673,0.518837034702301,239.21463527036514,731.2102791432584,0.41569650173187256,184.31418429599717,734.9445883075842
102,0.906055739697288,0.9998775720596313,212.29135577598316,69.28561435656601,0.9999288320541382,235.21314299508424,55.537537992670295,0.9998142719268799,192.22104876228934,55.724075831724015,0.999231219291687,264.00974916608146,70.46030108848315,0.996619701385498,176.2521122278792,68.50096284673455,0.9829726219177246,304.6151081899579,186.70724247278793,0.974186897277832,133.37978405898875,180.3929292485955,0.9927527904510498,336.0961091116573,316.73158795646066,0.9972919225692749,104.40559987271769,278.5055576281601,0.9961323738098145,286.6296798191713,351.59089163448033,0.8706508874893188,98.10627798016151,311.65796172752806,0.8538464307785034,268.9392501316713,450.6685338395365,0.8711157441139221,157.8877995523174,425.5047127370084,0.9573345184326172,251.21560086025278,609.1688794768259,0.9887579679489136,178.14318710498594,590.8360581987359,0.4863801598548889,243.7576808286517,737.5553019662921,0.43605366349220276,185.22068666608146,735.2781008602528
103,0.9171933356453391,0.9998806715011597,211.95608760533707,68.92344271199087,0.999930739402771,234.7208841731039,55.221489038360254,0.9997974634170532,191.93507505266854,55.64050910178195,0.9992874264717102,263.99597853757024,69.83360033356742,0.9968418478965759,175.9960663184691,68.3154296875,0.9843648672103882,305.3747421436095,186.33321354898175,0.9755709171295166,133.0978976474719,180.37138178107443,0.9928488731384277,336.35103032830057,316.6858047313904,0.997551679611206,103.78194401773175,278.51019355688203,0.9951474666595459,288.25134963132024,351.56680675035113,0.8669714331626892,95.49143587605337,312.6444270101826,0.8812889456748962,268.3496368065309,448.89467389396066,0.8810816407203674,157.3489619908708,426.56557233146066,0.9369717240333557,251.41541213132024,608.1748156601124,0.9907639026641846,178.3516667398174,591.4513474367977,0.5779613852500916,242.8732059778792,737.0143521769663,0.516025722026825,184.05457228757024,732.5304489992977
104,0.91950282980414,0.9998733997344971,211.92168846558985,68.55397428019663,0.9999252557754517,234.56633492801967,54.81044812148876,0.9997930526733398,191.67850794417132,55.410869469803366,0.9993768334388733,263.6988127633427,70.02992780021067,0.9970623850822449,176.04313882549155,67.7752136916257,0.983537495136261,305.4598621839888,186.39352176966293,0.9752429723739624,134.18078476123594,180.2366792485955,0.9927117824554443,336.2471471207865,316.49068425210675,0.9977204203605652,103.03414676966293,279.58559186271066,0.9918142557144165,288.77287789676967,350.74462890625,0.8718277215957642,94.2830906557233,311.84216445751406,0.8920851945877075,269.0474126580056,448.4220834796348,0.8705152869224548,158.68007702773878,424.8296227615871,0.9491130709648132,252.28907895891854,609.3983168012641,0.9905235171318054,177.97996949613764,591.0687324438202,0.6499969959259033,242.57261126228934,735.7494294241573,0.470428466796875,184.74762991573033,732.8385050912921
105,0.912595321150387,0.9998549818992615,212.35219891151684,68.29015838965941,0.9999152421951294,235.05480819873594,54.50641417771243,0.9997987747192383,191.90945400280896,55.16466462210323,0.9993642568588257,264.15360011411514,69.36650994118679,0.9969138503074646,176.56324065133424,68.44924069522472,0.9833074808120728,305.47061534410113,186.11620270804073,0.9752206802368164,134.1815254125702,180.23997103230337,0.9921635985374451,336.21398239992976,316.51424793714887,0.9976407289505005,102.83133174596207,279.6215271681882,0.9940316081047058,288.18301768785113,350.96133800035113,0.8537915945053101,95.16556300474016,313.4663305389747,0.8996398448944092,269.0287317854635,448.9057562324438,0.8688209056854248,157.33694698033707,426.5234100684691,0.9360507726669312,251.75059800737358,608.0313487535112,0.9889402389526367,178.6063410726826,591.3918210147472,0.5729801654815674,242.1773503335674,736.8869601474719,0.45568573474884033,183.9985845330056,733.8324043188202
106,0.9095541554338792,0.9998729825019836,212.04115278265448,68.2080352440309,0.999924898147583,234.7091709094101,54.548672451062146,0.9997932314872742,191.86301242099717,54.991712248727175,0.9993315935134888,264.69334291608146,69.16045799683988,0.9968987703323364,176.5528166695927,68.23434208216293,0.9837287664413452,305.55077027738764,185.97214602352528,0.9711934924125671,135.07398283883427,179.83955297577248,0.9918672442436218,336.59253752633424,316.6809767819522,0.9978502988815308,102.90764626492276,279.16317371839887,0.993057131767273,288.2764220505618,350.7024666432584,0.8573225140571594,93.89984473753512,313.75101496664325,0.8970024585723877,268.9629235428371,450.80621269311797,0.8692207336425781,157.16846251755618,426.2513167134831,0.9331640005111694,251.88350377457863,607.5160200140449,0.9802225232124329,177.69067657127806,589.4625614466293,0.5798512101173401,243.40880661867976,735.6269202071629,0.4121187925338745,183.09968069698033,733.0441867099719
107,0.912544739596984,0.9998840689659119,211.74379498771066,68.14528561709972,0.999929666519165,234.2842290642556,54.38406269202071,0.9998052716255188,191.6361536604635,55.24312565835674,0.9993166923522949,264.49611020891854,69.28392045953301,0.9970188140869141,176.44341972436797,68.6791169241573,0.9832814931869507,305.24446980337075,186.30222963483146,0.967192530632019,135.0167606653792,179.57690978318118,0.9921635389328003,335.95157237535113,317.8170810656601,0.9979124665260315,103.51211376404493,278.61640844452245,0.995010256767273,286.24827181355334,350.8177613676264,0.8462584018707275,94.56534739290728,312.6608310656601,0.8983097076416016,269.10510116748594,447.4583040730337,0.8637242317199707,157.5855040818118,425.6275511323736,0.9158546924591064,252.04227747542132,606.6574130969101,0.9825506210327148,177.62750175561797,590.1712276158707,0.6706764698028564,243.2905767205056,735.262300298455,0.4043716490268707,183.3467564957865,732.735197945927
108,0.9128402927342583,0.9998728036880493,211.4066614729635,67.71921907917837,0.9999270439147949,233.81646659936797,54.06718736284235,0.9997725486755371,190.86132263869382,54.81071214997366,0.9992594718933105,264.75723095154495,68.9791012881847,0.9966341257095337,175.68551395716293,68.08873551615169,0.9844561219215393,305.9254575579354,185.71944676088484,0.9680440425872803,133.96111306179773,179.05193886060394,0.9927626848220825,336.0716950491573,316.8892095330056,0.9967014789581299,103.43796633602528,277.52828190835675,0.9946943521499634,286.52173674508424,350.38116112183985,0.8938694000244141,94.82439705495085,312.5364290730337,0.9014120697975159,267.75034015098316,445.7832525017556,0.8820667266845703,157.6781952247191,427.0606566011236,0.9230084419250488,251.35928721910113,600.9939540905899,0.979353129863739,177.66368394487358,590.771484375,0.6158655881881714,242.88958260182585,736.1238149578652,0.39058494567871094,183.76530679424155,733.3922928370787
109,0.9064354440745186,0.9998809099197388,211.24039896418537,67.11416866002457,0.9999210834503174,233.56807408707863,53.489006128204004,0.9998070001602173,190.81309800737358,54.45454801066538,0.9993305206298828,264.31640625,68.36756331197331,0.9966279864311218,175.00611723139042,67.77501481302669,0.9836649894714355,306.4684647120786,185.51056936885533,0.9694936275482178,133.39245742626403,179.09113851825842,0.9924396276473999,336.0273108321629,316.7346877194522,0.9957581758499146,103.73622937148875,277.18094386411514,0.9939119815826416,286.92083808813203,350.66052383251406,0.8980494141578674,94.12775961200842,312.5658356741573,0.9030547142028809,269.0358091204354,446.5543254037921,0.8443043231964111,157.40569039676967,425.68921721383424,0.9268072843551636,250.76857663272472,609.348940045646,0.9805953502655029,177.37219649754212,590.4280964712078,0.5599417090415955,242.80081416783707,737.0022823033707,0.36581385135650635,182.99459050210675,733.997377545646
110,0.9083255932611578,0.999879002571106,211.3203618767556,67.03517270891854,0.9999275207519531,233.2251250877809,53.56478916125351,0.9998066425323486,190.8264845944522,54.41787205385358,0.999254584312439,264.6606993943118,68.31475761499297,0.9964970350265503,175.1122223929073,67.97996949613764,0.9811558127403259,305.68054885007024,185.46929863061797,0.9732731580734253,133.11800495962078,178.95801329880618,0.9931327700614929,335.3653331285112,317.76915818117976,0.9954886436462402,103.24573988325139,277.3429544856039,0.9955743551254272,286.6867099719101,350.68630947155896,0.8786386251449585,93.57811402738764,314.2565506495786,0.8970204591751099,269.50741199964887,445.3015273876404,0.8431681990623474,156.81344364466293,428.88260402036514,0.9239363074302673,251.39760906776684,608.8872125175561,0.9735060930252075,177.35540840063203,590.0216160463483,0.575131893157959,242.99395957689603,736.8916235077247,0.4161439836025238,183.1466709094101,733.6012662394663
111,0.905403642093434,0.9998798966407776,211.1931618679775,67.00157594145014,0.9999288320541382,233.017303809691,53.40987644838483,0.9997950792312622,190.55310195751406,54.40358708413799,0.9992685317993164,264.1111361042837,68.64752951632724,0.9963602423667908,175.15408290905896,68.13290028089888,0.9776564836502075,305.19470900632024,185.29217323560394,0.9751603007316589,132.96359287219101,179.36184658093399,0.9928244352340698,335.3426472524579,316.7281315835674,0.9935024976730347,101.8906496883778,276.97844430301967,0.995633602142334,285.6491946102528,350.8643401070927,0.8823366165161133,93.46428688992276,312.69193842169943,0.8927585482597351,270.0605139571629,443.2298433110955,0.8413752317428589,157.01361152563203,427.80550495962075,0.949089765548706,250.57979283707863,608.9385094803371,0.9821363091468811,176.98585081636236,590.0071870610955,0.5093063116073608,243.0030119820927,736.571442679073,0.40484923124313354,183.32640229985952,733.0456680126405
112,0.9108390650328468,0.9998826384544373,211.21603976474717,67.21420459533006,0.9999321699142456,232.8568842169944,53.3809464701106,0.9997895956039429,190.66466599367976,54.243246357092694,0.9992897510528564,263.9426242099719,68.62493965063202,0.9964087605476379,174.97136148174155,67.42266365651334,0.9793279767036438,304.7998869820927,185.27741507198033,0.9780211448669434,133.51696914501403,179.74900149227528,0.9934002161026001,335.2631506759129,317.7265844452247,0.9939999580383301,102.40669164764748,277.10024030021066,0.9960629940032959,284.49542442064603,350.71385072858146,0.8744754791259766,93.50802646594101,313.0473139044944,0.8948767781257629,270.10407522823033,442.2970066713483,0.8155252933502197,157.47736898700845,428.7326907040028,0.943044126033783,249.8702214273174,608.3545470505618,0.977663516998291,176.66940067591293,590.7662175210673,0.5552718043327332,242.5432595242275,735.8435744382023,0.4872919023036957,185.12634963132024,732.9193183813202
113,0.9092127645716948,0.99988853931427,211.16852835323033,67.37004312236657,0.9999374747276306,232.79864707689603,53.50412433067064,0.9998005628585815,190.40881210498594,54.70812165335323,0.9992979168891907,264.41312982794943,68.56121620435393,0.9966270923614502,175.2263375614466,68.1127655372191,0.9775238037109375,304.6095395891854,185.04461738500703,0.9747378826141357,133.68644114290728,179.29555828651684,0.9931262731552124,335.3859067766854,317.601716116573,0.9948398470878601,102.97378368591993,277.6065714975421,0.9965681433677673,286.10261038448033,351.0297796699438,0.8663256168365479,91.5944303019663,317.39800956811797,0.8981380462646484,270.31845264220505,443.5768247454354,0.8329088687896729,156.6698670119382,427.8483804424157,0.9468579292297363,251.34055148349717,608.4460586376405,0.9851094484329224,176.6960366924157,590.5458874648876,0.5174727439880371,243.466796875,736.1049420646067,0.47745680809020996,184.12658005617976,731.0915554775281
114,0.9158352017402649,0.9998781085014343,211.10902936271066,67.7835117297226,0.9999440908432007,232.77889637464887,53.99022820290555,0.9998176693916321,190.49922643082863,55.346611108672754,0.999319851398468,263.9011203037219,68.60371450359901,0.9965133666992188,175.28386148174155,68.13034914852528,0.9775325059890747,304.11755508251406,185.43409026070927,0.9745919704437256,133.9325019750702,179.62863193469101,0.993524432182312,335.60530416081457,317.8925452071629,0.9951748847961426,103.197021484375,278.1921249561095,0.9953070878982544,287.1066867099719,350.9216720066713,0.8829593658447266,94.45777464448736,315.4438147384129,0.8932160139083862,270.38593420821627,443.8809855600421,0.8415307402610779,156.79788996664325,428.3358387464888,0.9420057535171509,250.43226606390448,607.4890822507023,0.9809697270393372,176.8770847963483,590.7957887113764,0.6045211553573608,242.11930521418537,737.0623573560393,0.4923917055130005,184.15840063202245,732.3035902387641
115,0.9076941591851851,0.9998779296875,211.0228943556882,67.89809323428722,0.9999456405639648,232.62187829178367,54.18920281228055,0.9998078346252441,190.40354525105334,55.61954455429248,0.9992976188659668,263.6646056443118,68.84553030635533,0.9967523813247681,175.6596185919944,68.22005025456461,0.9777840971946716,304.58356192942415,185.26124418451545,0.9731009006500244,133.2348907127809,179.5719446760885,0.9933661222457886,335.49428875526684,317.9097996400983,0.9962519407272339,103.773193359375,277.98411165730334,0.9948631525039673,285.2122103230337,350.5819324964888,0.8961451053619385,94.87712045733846,314.3949701544944,0.9001924395561218,271.1789797665028,444.9601694171348,0.8415260910987854,156.4889012025983,427.899567679073,0.9433339834213257,250.8714997366573,607.1080582865169,0.9788750410079956,176.70349806882024,591.7482663272472,0.5512750744819641,242.2993932145365,737.3691515976124,0.38840535283088684,183.32920031601122,733.533510358146
116,0.9127969987252179,0.9998738765716553,211.24805236130618,67.98102561007724,0.9999345541000366,233.3219583918539,54.404608908663974,0.9998027086257935,190.38829331987358,56.029573933462075,0.9992755651473999,263.6312214712079,69.32351787438553,0.996888279914856,175.71184822682585,68.52816806750351,0.981307864189148,304.8682737886236,185.97030811095505,0.9767583608627319,133.2293769750702,180.05074833216293,0.993394136428833,335.86524534761236,318.46284673455057,0.9952033758163452,104.21065769838484,278.111970022823,0.9953929781913757,285.7689332426264,350.74934712956457,0.9084900617599487,98.10616825403793,313.79449394311797,0.8901410102844238,270.7348084181882,442.7143774139747,0.8467579483985901,156.60131561622188,427.49942393785113,0.9504324793815613,250.7597162482444,608.5606675737359,0.9844921827316284,177.1184274051966,591.3435415203652,0.5964062213897705,243.32182123419943,736.4823999297753,0.40299737453460693,183.14047138342698,733.352846295646
117,0.9171255739296184,0.9998785257339478,211.7355106653792,68.39206652694874,0.9999353885650635,233.79375329178367,54.71213351474719,0.9998093843460083,191.1648799596208,56.228706274139746,0.9992672204971313,264.00483892205057,69.44294790203651,0.9966309666633606,176.38806289501406,68.3339596866222,0.980903148651123,304.216034278441,186.2607394443469,0.9778093099594116,132.91866002457866,180.18084236745085,0.9934821128845215,335.83740234375,318.3560557847612,0.9963998794555664,104.38185788272472,278.145354195927,0.9946831464767456,284.5756890800562,350.6119151597612,0.9187496900558472,97.62565012728228,314.3844638781601,0.904592752456665,269.1627073823736,442.8853032830056,0.8517768383026123,157.5977385445927,427.1164797665028,0.9409052133560181,250.31762969627806,608.8480402914325,0.9792629480361938,176.3260676351826,591.2349126580056,0.583044171333313,242.60325228230334,737.1334050210673,0.4740040600299835,183.36313311973316,731.8589251228932
118,0.9100426295224358,0.9998643398284912,212.08103822858146,68.50908943776334,0.999935507774353,233.87185086025278,54.88689294022121,0.9997953772544861,191.39475618855334,56.46943853142556,0.9992648363113403,263.8802174771769,69.58520782127809,0.9967039823532104,176.65579463658707,68.94334428765801,0.980237603187561,304.18531096383424,185.87994864817415,0.9765818119049072,133.8456537482444,180.76088208830757,0.9918211698532104,336.2797083479635,316.9703520014045,0.9954392910003662,104.18007154143257,278.4027991134129,0.994731068611145,287.7983727615871,351.222321585323,0.9365337491035461,94.34461957952948,316.3533894399579,0.8906260132789612,269.19710652212075,441.69258031952245,0.8605051040649414,157.86500395014042,427.7532204617275,0.9352947473526001,250.67012486832863,607.9716577422753,0.9684234857559204,175.94852747542132,591.5178963307584,0.5390238761901855,242.61139944698033,737.8475574964888,0.40594273805618286,181.03101408883424,732.9583260182584
119,0.9070311942521263,0.9998602867126465,212.2559416695927,68.7198733211903,0.9999274611473083,234.4527135270365,55.006130947155896,0.999801516532898,191.7989597963483,56.35512448428722,0.9992536306381226,263.2304742363062,70.3679596975948,0.9972727298736572,177.34108914150278,67.755126953125,0.9823944568634033,304.3827905547753,186.3387272866924,0.9766452312469482,134.4655789150281,181.09409289413622,0.9912781715393066,336.29778572682585,316.78159563728934,0.9953957796096802,104.05358475245785,278.4163777212079,0.9950435161590576,287.4704013781601,350.79729744557585,0.9310871362686157,95.24593739027387,316.13865541608146,0.8945338726043701,269.97860340589887,443.99976408883424,0.8730320930480957,157.74885884831463,427.6437412219101,0.929985523223877,251.83448362886236,608.5388869382023,0.9722436666488647,175.94005113237358,592.1125570575842,0.5004667639732361,242.46143126755618,738.0278923806179,0.3813084661960602,181.19255837429773,734.317229195927
120,0.9173717235817629,0.9999065399169922,212.5048553809691,69.61308511455407,0.9999418258666992,235.5196080582865,54.95594153243504,0.9998397827148438,192.67956680126406,56.072092806355336,0.9992361068725586,265.3783905372191,69.88408806618679,0.9976390600204468,166.56853493679773,67.8563355863764,0.9815842509269714,306.6057869557584,186.68350048279493,0.9754598140716553,132.1582305565309,181.02920360779493,0.9909555912017822,336.6980940572331,315.6229152036517,0.9958915710449219,105.71629213483146,279.4461299596208,0.995257556438446,290.3394103318118,352.24960498595505,0.8620508313179016,93.25771374648875,311.48456702071627,0.8731933832168579,267.9982114641854,446.7700469627809,0.8467271327972412,156.15950337956463,429.2464832777388,0.9269083738327026,253.0095681179775,598.6574460147472,0.9753981828689575,176.62778704353934,589.4790752282303,0.6780472993850708,241.183807715941,735.3374078300561,0.4972819983959198,182.29467499122188,731.8916235077247
121,0.9165908115751603,0.9999046921730042,213.41843508602528,69.67878363105687,0.9999374151229858,234.2313136411517,53.87912021594101,0.9998372793197632,193.60790466994382,56.094980989949086,0.9991441965103149,265.8787965238764,69.66805790247543,0.9979803562164307,166.9214415818118,68.50860252808988,0.9826464653015137,306.49474411867976,186.30279198121488,0.9689982533454895,133.85599543539325,180.65863105688203,0.992404580116272,337.2214328037219,316.42029494382024,0.9967578649520874,107.2874330670646,279.21208413799155,0.9932748675346375,290.3263803546348,351.81059076544943,0.8857275247573853,95.65968717082163,310.69160375702245,0.8592909574508667,268.3081329002809,444.90665050035113,0.881179690361023,157.62300298455057,428.44339777914325,0.9307070970535278,251.77018412043537,606.7516129740169,0.974825382232666,177.4657654494382,589.0256868855337,0.7113001346588135,241.82488259304773,735.5020518785112,0.4081270396709442,182.53066845154495,732.8420163272472
122,0.9126870684763965,0.9999086856842041,213.59207667661514,69.84382543670996,0.9999369382858276,234.54252435919943,53.539264121752105,0.9998188614845276,193.82080078125,55.98803230885709,0.9991408586502075,266.4762004037921,70.0090455473139,0.9977593421936035,167.19013342696627,68.62548142336728,0.9806305170059204,306.7895233497191,186.1568425210674,0.9703199863433838,134.46623727176964,180.36581318030196,0.9924887418746948,337.54509743679773,316.2047928370786,0.9972259998321533,107.86125954617273,279.1086672665028,0.9921278953552246,291.4324196804775,351.94116485252806,0.8644416332244873,97.07124517205057,309.87814913974717,0.8918360471725464,268.400055960323,446.66937324438203,0.871515154838562,156.18457579880618,427.2089514571629,0.930355429649353,252.14890383602528,607.3141239466293,0.9693909883499146,177.49108475245788,587.7692679073034,0.6628522276878357,241.7529022559691,735.6700425737359,0.39593085646629333,180.4558571804775,732.598479195927
123,0.9141724109649658,0.9998962879180908,214.0701808286517,69.79967438772823,0.9999398589134216,234.49649425035113,53.72846967718574,0.9998096823692322,194.33253599016854,55.91696064123946,0.9992144703865051,266.62701896067415,70.31804802712429,0.9980261325836182,167.4271692854635,68.6627197265625,0.9824120998382568,305.63860603932585,186.0964382900281,0.9672569036483765,135.15007790554773,180.4223084181882,0.9907978177070618,337.80380420470505,316.62257505266854,0.9978886842727661,106.72741836376403,278.55608650807585,0.9919041395187378,283.3812653616573,351.9646736745084,0.8644355535507202,96.3462160946278,311.42279121313203,0.8577441573143005,267.9296600684691,446.5061556355337,0.8923994302749634,157.82089404845505,426.0327971383427,0.9277071356773376,252.36448823735952,607.408049508427,0.9648833274841309,176.10225377457863,587.4440945400281,0.6531358361244202,241.83182277036514,735.9774951720506,0.45347946882247925,181.41088592872188,732.5703893082865
124,0.915948278763715,0.999902606010437,214.22280986657302,69.71024759699789,0.9999330043792725,235.05557628160113,53.97290519114291,0.9998283386230469,194.88750329178367,55.91289391678371,0.9991921782493591,267.02170382724717,70.2387297555302,0.9984608888626099,168.18090545997188,68.52864811929425,0.9811066389083862,305.22526773174155,186.53168067503512,0.9654713869094849,135.1554544856039,180.2280246005969,0.9908517599105835,338.31600574964887,316.40443951896066,0.9976348876953125,106.89158236042837,279.710295602177,0.993000328540802,284.03021308813203,352.07130003511236,0.9240404367446899,97.99620896242976,312.4247004476826,0.8672134876251221,267.7306991748595,447.4478800912921,0.8844633102416992,157.10723534058985,427.4609375,0.9371142387390137,252.88357509655896,607.0557189255618,0.9770267009735107,177.84813355863764,590.4158071453652,0.6174361705780029,242.0695718486657,735.8893302317415,0.4384443759918213,181.47930016678367,733.4700886587078
125,0.9069909523515141,0.9998941421508789,214.49451918012642,69.60331263167134,0.9999288320541382,235.12401795119382,53.924972019838485,0.9998445510864258,194.90525149227528,55.93226057759831,0.9991583228111267,267.33719386411514,69.57933747366573,0.9983019828796387,168.50531074438203,68.41819506012992,0.9819314479827881,305.6112293714888,186.32830330495085,0.9578482508659363,137.34608168012642,180.36677328388342,0.989514946937561,338.3886993065309,316.7711990870786,0.9970682263374329,106.1887728230337,279.87888979108146,0.993647575378418,284.0552580758427,352.24025083391854,0.9071060419082642,96.8312741397472,311.58502128686797,0.8460932970046997,268.1538031074438,445.5667902914326,0.8901368379592896,157.724335059691,427.4454112535112,0.9359070658683777,252.54290291432585,608.1568205758426,0.974354088306427,177.294647559691,590.3405898876405,0.6040729284286499,242.0777190133427,736.3204441713483,0.34403765201568604,181.15793978230334,733.4172555301966
126,0.9166135402286754,0.9999000430107117,214.90281008602528,69.50182968311096,0.9999264478683472,235.48734857794943,53.840438328432235,0.9998459815979004,195.31968706109552,55.95172324877107,0.9991235733032227,267.8406173191713,69.39437351869734,0.9982273578643799,169.07566713483146,68.70833836244734,0.9787423610687256,305.62154362710675,186.63341050737358,0.9542251229286194,136.7280767205056,180.21666794680476,0.9890699982643127,338.7076457162921,316.91463856214887,0.99761962890625,107.45163821102528,279.00988632373594,0.9942560195922852,284.43674837605334,352.14747739641854,0.9153560400009155,98.4326446190309,312.7124572068118,0.8424664735794067,268.0095955495084,443.40238764044943,0.8995976448059082,158.6983189957865,426.2227879213483,0.9347652196884155,251.87903243504212,609.0440660112359,0.9787324070930481,177.52674574262642,589.4740826896067,0.6693722009658813,243.10401487886236,734.9974214360955,0.4312036633491516,182.54699021242976,733.628204002809
127,0.9169598607455983,0.9998986721038818,214.88473270716293,69.38774194610252,0.9999339580535889,235.47376997015448,53.79297492209445,0.9998549222946167,195.6194039676966,55.92370879784059,0.9990930557250977,268.238923147823,69.3407654494382,0.9983119964599609,169.3020869908708,68.77335794856039,0.9807683229446411,305.88211573911514,186.49798103932585,0.9450228810310364,138.67371291257024,180.27608464273175,0.9894708395004272,338.6280119820927,316.73734857794943,0.9982201457023621,109.0224088175913,278.65327642205057,0.9937244653701782,283.83682079529495,351.97210761938203,0.8893214464187622,98.91427372278793,311.60918846558985,0.8271576166152954,269.4185338395365,444.2419296436095,0.8814591765403748,156.8742044856039,429.04357224367976,0.9389163255691528,252.2571486569522,607.9967850245787,0.9849008917808533,178.27658663974717,589.5475991924158,0.7015398144721985,241.85286275456457,735.1093420821629,0.4607231020927429,182.24801395716293,731.9053941362359
128,0.9159218563753015,0.9998865127563477,215.53241858321627,69.29666240563553,0.9999180436134338,236.2757033444522,53.61558549859551,0.9998428225517273,196.05002413974717,55.68024024534761,0.99909508228302,268.57405416081457,69.14440369338132,0.9983544945716858,169.88648832514042,68.91264154669943,0.9813346862792969,306.8334686622191,186.7110417398174,0.9413130283355713,139.2285704880618,179.68398876404493,0.9904431104660034,328.0041092433286,313.6280119820927,0.9981976747512817,109.15032204617273,279.07380179073033,0.9959349036216736,285.8915521857444,351.8701446190309,0.8912179470062256,97.0447051659059,311.2382318732444,0.8345053195953369,268.12349126580057,443.207184866573,0.8768265843391418,157.4337528528792,428.2197759392556,0.9261552095413208,253.22775851474717,600.322265625,0.986164927482605,178.13136411516854,590.7561227176966,0.6361030340194702,243.09866573033707,736.2219101123595,0.5153781771659851,184.4239104195927,731.966127545646
129,0.9198461841134464,0.9998779296875,215.6173740344101,69.22230924113413,0.9999263286590576,236.24648876404495,53.38395365168539,0.9998741149902344,196.47104327598316,55.48389220505618,0.9991239309310913,268.827850684691,69.02964388386587,0.9984536170959473,170.28372432408707,68.78126508734199,0.9827780723571777,306.8375833918539,186.18340995874297,0.9433153867721558,139.47847173455057,179.84438092521066,0.9890880584716797,327.89366989992976,313.53142556179773,0.9977917671203613,109.1624056355337,279.3091094627809,0.9948586225509644,285.17471142029495,351.92813487535113,0.8872340321540833,96.4424870523174,311.49789874473316,0.844009518623352,269.6004871839888,442.25042793188203,0.8741875886917114,158.62880749648878,428.25269377633424,0.918931782245636,252.5782072945927,606.901828037219,0.9900904893875122,178.5302460059691,590.0805938377808,0.6619709134101868,241.3130925210674,736.9236635358146,0.5558729767799377,184.20146813553367,731.8153089887641
130,0.9187631238909328,0.9998595714569092,216.28006495786514,69.1228699416257,0.999922513961792,236.77229634831457,53.13879120215941,0.9998692274093628,196.56411846032302,55.27718876185042,0.9990330934524536,270.05480819873594,68.71235708172401,0.9980975985527039,170.04959620786514,68.53276970681179,0.9810868501663208,308.65621159585675,185.99125208479634,0.9414079189300537,138.50783444522472,179.45382450403793,0.9901635646820068,328.3550133865871,313.7278627545646,0.99802565574646,110.0081608804424,278.1665862008427,0.9955394864082336,285.35021835498594,352.32257285814603,0.8996565341949463,100.25985889220505,311.8700623244382,0.8410838842391968,270.7674793714888,440.0306135884831,0.8727900981903076,158.35515054424155,426.74544087956457,0.9373387098312378,252.46669812148878,608.4585674157303,0.9887923002243042,178.5229766502809,592.1224872717696,0.6788383722305298,241.0794581724017,737.9823011762641,0.4974677264690399,184.0275522296348,733.2212298103932
131,0.9163515497656429,0.9998413324356079,216.71005420470505,68.91498694259128,0.9999104738235474,237.30301417661514,52.90393272142732,0.9998550415039062,196.71702181355334,55.084540549288974,0.9990684986114502,270.8207239729635,68.56642819522472,0.9982833862304688,169.9996433900983,67.92359770014045,0.9813631772994995,309.52710783883424,186.01289556267557,0.9447537660598755,138.09392007549155,179.46515372629915,0.9929037094116211,328.71112952071627,313.99526531776684,0.997292160987854,109.55452565396769,278.2748035902388,0.9965124726295471,286.0785803634129,352.2258767117275,0.8899472951889038,100.9869727659761,311.7605830846208,0.8132853507995605,271.46223775456457,442.5296534849017,0.875063955783844,159.31967060217698,426.54412087429773,0.933517575263977,252.9761016502809,607.9088395365169,0.9859563708305359,178.39978164501406,591.3009677844101,0.6280490159988403,241.5006693293539,737.5957360428371,0.5423727631568909,185.7512673367275,733.2529406601124
132,0.9187594056129456,0.9998455047607422,216.87255859375,69.04861278748244,0.9999136924743652,237.36243087254212,52.881095971954004,0.999890923500061,196.70928612183985,55.212700661648526,0.9989910125732422,271.0300539852528,68.26333721032303,0.9985525012016296,170.00622695751406,68.02415483453301,0.983675479888916,310.2677591731039,186.12511795558285,0.9466039538383484,144.02415071980334,176.5486333611306,0.9927278757095337,329.21479985955057,313.70388759655896,0.9964350461959839,109.54746203476122,277.81348753511236,0.9970756769180298,286.85091511587075,351.68303414676967,0.908430814743042,100.24462067679073,311.91428195224717,0.8354438543319702,272.29837824789325,442.85554007198033,0.8832395672798157,158.91489093223316,426.2479152036517,0.9050975441932678,253.35888123244382,608.3232202422753,0.9887470602989197,178.8765965150983,590.9710213307584,0.6578294038772583,241.53654977176967,737.0486415905899,0.5264099836349487,185.21835498595505,733.8364641853932
133,0.9217384703019086,0.999855637550354,216.4863775017556,68.97791487447331,0.9999178647994995,237.03023503335675,52.84433429160814,0.999889075756073,196.47359440835675,55.32400066932935,0.9991195201873779,270.50556311446627,68.37143115783006,0.9982295036315918,170.1258010007022,68.39048235603933,0.9812597036361694,308.8714393872893,185.5186891020014,0.9392904043197632,139.1155251492275,179.37811347875703,0.9931174516677856,328.76250877808985,313.72210213307585,0.9968485832214355,109.18699800298455,278.49480446804773,0.9971429109573364,287.50312719452245,351.1331691099017,0.9159393310546875,96.43237853318118,313.0102813377809,0.8171830773353577,272.0379158620084,444.0262903792135,0.890692412853241,159.45926966292132,426.51704595330057,0.9089359641075134,253.99559449613764,601.4184844627808,0.9869234561920166,178.24021242977528,590.8466467696629,0.7122568488121033,242.60267622015448,735.7076237710673,0.5329522490501404,185.00595264220505,733.369140625
134,0.9250884301522199,0.9998612999916077,216.37399051966293,68.83299409673455,0.9999270439147949,236.9282720330056,52.702705297577246,0.9998880624771118,196.17782764220505,55.325097930565306,0.9991577863693237,270.2634798542837,68.16083929511937,0.9982775449752808,169.94190001755618,68.25342071190309,0.9825616478919983,308.61026378160113,185.54078520014045,0.9340924620628357,143.49834313553367,175.92525182145366,0.9925697445869446,328.8555016678371,313.65906447507024,0.9953753352165222,108.88464766941712,278.44537284936797,0.9969861507415771,289.4267632988062,350.94858233848316,0.9152947068214417,94.46472853757021,314.10787175210675,0.8371745347976685,271.9031447507022,444.5922302931882,0.8870750665664673,161.0347722085674,427.10106324613764,0.8924983739852905,252.82895891853934,606.0021835498595,0.9892412424087524,178.68542617626406,589.4880727703652,0.6886258125305176,243.64548586727528,736.4106390449438,0.6178964972496033,185.7926615168539,732.6059954353932
135,0.9230459437650793,0.9998694658279419,216.3375614466292,68.7949739949087,0.9999301433563232,237.11562938904495,52.59179961815309,0.999885082244873,196.29312236657302,55.4452377490783,0.9991695880889893,270.3592707601826,68.32594967959972,0.9981168508529663,169.83003423455057,68.2570553897472,0.9835395812988281,308.4679764308286,185.56373167573736,0.9387795329093933,142.11318798279495,176.56815089536516,0.9940705299377441,329.0552855073736,313.7257505266854,0.9955966472625732,108.28001558110955,277.91531337780896,0.9967128038406372,287.68861920646066,350.9351957514045,0.905555248260498,91.5411719847261,314.58188860603934,0.8326330184936523,270.7759008514747,445.3890614027388,0.8730037212371826,160.2196442679073,425.7629806004213,0.8874874114990234,255.38453520014042,601.7816230688202,0.9900856018066406,178.85146923279495,590.5108299683989,0.7222092747688293,242.1480808900983,736.1357202422753,0.5751365423202515,186.3916289940309,732.894684866573
136,0.9215020467253292,0.9998716115951538,216.027557715941,68.94075886587079,0.9999334216117859,236.59580187851122,52.62407624319698,0.9998851418495178,196.24637903792132,55.47311504235428,0.9991973042488098,270.59701983848316,68.47765976123596,0.9982778429985046,169.81497432408707,68.35809257593047,0.981768012046814,307.95637837956457,185.37769103318118,0.9357167482376099,138.403045997191,179.2627227440309,0.9940646886825562,329.0260434954354,313.6742889747191,0.9948803186416626,108.12932046611655,277.47896001580057,0.9965508580207825,288.0388375614466,350.9652332777388,0.8972485065460205,91.38051922401684,315.3858244820927,0.811381995677948,271.0157072945927,445.3487370523174,0.8767650127410889,159.68376931179773,428.2756265361657,0.8881112337112427,255.448944434691,607.9927251580056,0.9892153739929199,179.09017841467698,590.3041059515449,0.6842790842056274,243.70311951369382,735.5452839712078,0.6183876395225525,185.52610933110952,731.924102440309
137,0.9256425920654746,0.9998527765274048,215.95448011762642,68.50084626272823,0.9999287128448486,236.57352747542132,52.630052887991575,0.9998699426651001,196.11953563904495,55.275961200842694,0.9992220401763916,270.7442448648174,68.58379921216643,0.9981856346130371,169.67614334620788,68.32481812895014,0.983391523361206,308.4652332777388,185.0875614466292,0.9414983987808228,137.75906337780896,179.70627688290028,0.9940901398658752,329.0447517995084,313.62323889571627,0.9944766759872437,108.19490925649578,277.3922215150983,0.997214674949646,290.07110252808985,350.7022471910112,0.918960452079773,93.53153528792134,314.89084993855334,0.8424129486083984,270.7393894838483,446.2976760007022,0.8680713176727295,160.49856807408707,427.6253620962079,0.9155811667442322,254.02261455407302,607.8178765800561,0.9830183982849121,178.82126711727528,589.5203322507023,0.7594774961471558,243.15040159761236,735.0915664501405,0.5406717658042908,185.85597349016854,733.544098929073
138,0.9260814084726221,0.9998494386672974,215.88922050561797,68.05393861920646,0.999912440776825,236.36351167485952,52.50235568271594,0.9998588562011719,195.9989191976826,54.544382845417836,0.9991953372955322,270.41204902563203,68.50513243943118,0.9974818825721741,169.6676395716292,67.89218859726124,0.9791122674942017,307.88716862710675,184.81906162219101,0.9440659284591675,142.30312390273878,176.32805642117276,0.9941847324371338,328.7328552931882,313.8744019926264,0.9942063093185425,108.57021374648875,276.3699855161517,0.9965355396270752,288.86748924683985,350.5375482794944,0.9073931574821472,94.05462715063203,315.41108892205057,0.8246358633041382,273.27938465589887,442.98721142029495,0.8783737421035767,160.15460410814603,427.07856939080057,0.8956283926963806,253.8029977176966,607.6482948560393,0.9799420833587646,178.68068052141854,590.3347744030899,0.7622106075286865,241.9168605161517,735.2386543188202,0.5907973647117615,187.02296567766854,732.8060810217696
139,0.9196871308719411,0.9998587369918823,214.9072265625,67.38234616397472,0.9999063014984131,236.6063630179073,52.28808113698209,0.9998559951782227,195.84911560744382,54.106263578607795,0.9992254376411438,270.37262991573033,68.51930768302317,0.9974983930587769,169.64245742626406,67.54623584533006,0.9821786880493164,307.78583655196627,184.94788009129212,0.9347467422485352,142.96477242801967,175.48397449964887,0.9947184324264526,329.0795075491573,313.89464646242976,0.9928762316703796,107.91145924771769,276.6329990344101,0.9971647262573242,290.1270354195927,350.3109089712079,0.9033042192459106,93.61540719364464,315.7274293363764,0.827680230140686,271.34142929248594,444.08315594276684,0.8443018794059753,159.32205714536514,427.0727264747191,0.9193900227546692,254.51048433110952,608.8252172577247,0.9761499166488647,178.6128423455056,591.2388079353932,0.7374478578567505,243.62568030196627,733.6405481917135,0.5283774137496948,186.56688904494382,732.7801856566011
140,0.918170154094696,0.9998393058776855,214.69427558813203,67.0232331350948,0.999893069267273,236.37089075667132,52.24862773766678,0.9998539686203003,195.6343815835674,53.92486915159761,0.9992804527282715,269.8042211639747,68.4215211332514,0.9970903396606445,169.91688246137642,67.58476343047752,0.980367124080658,308.77586793363764,184.91431761323736,0.9417373538017273,142.76981653792132,175.52540982707163,0.9934917092323303,329.1394454441713,313.6174508426966,0.9948055744171143,109.3333040730337,277.1731807408708,0.9970546960830688,290.27974675210675,350.4399743240871,0.883658766746521,93.60340589887639,314.3633141678371,0.8213776350021362,271.9381473841292,444.1938696014747,0.8492987155914307,160.0000822945927,427.3459445224719,0.8960026502609253,257.610686227177,610.2790335323034,0.9826211929321289,179.4437708479635,592.1056443117977,0.7292821407318115,243.6540993679775,734.3129498771067,0.5432379245758057,186.5628291783708,733.0130793539325
141,0.9157867291394401,0.9998453855514526,214.28845352001406,66.97975415862008,0.9998866319656372,235.98501141151684,52.355720434295996,0.9998251795768738,195.3515350684691,53.57565890537219,0.9992865324020386,269.69304116924155,68.36579397823033,0.9970052242279053,169.84490212429773,67.60480216379915,0.9814848899841309,308.47505376580057,184.72364104195927,0.945945143699646,143.03241858321627,175.3382993548104,0.9931192398071289,329.1254553634129,313.72937148876406,0.9944955110549927,109.63533894399578,277.0194544417135,0.9973210096359253,290.84623529669943,350.36711617801967,0.889856219291687,92.2737858804424,313.35759195049155,0.8317834138870239,272.5139352176966,444.38986788974717,0.8556442856788635,160.6710849719101,428.6271890361657,0.9181168079376221,254.29799969276684,608.9557364817416,0.9912646412849426,179.5427163799157,591.9673345330056,0.6498428583145142,243.76821453651684,735.4119667310393,0.5236514210700989,185.3658817591292,733.1880376580056
142,0.9155058019301471,0.9998416304588318,214.3119074789326,66.58169521374649,0.999881386756897,235.7933747366573,52.106844441274575,0.9998161196708679,195.44027607092698,53.209979453783355,0.9992873072624207,269.6465172928371,68.38249978054775,0.9968885183334351,169.91638869382024,67.4090576171875,0.9806756377220154,308.57611152563203,184.7759804029143,0.9364705085754395,143.10354854283707,175.17652190133427,0.99324631690979,329.4994294241573,313.9067163360253,0.9951035976409912,109.53133229459269,277.57384568117976,0.9976802468299866,290.909821585323,350.2902804599719,0.8816333413124084,91.72914655021066,313.1171545821629,0.8340709209442139,271.39225991924155,444.49331219276684,0.829681396484375,160.7634743679775,427.48104481214887,0.9284425377845764,253.9938114466292,608.1892446453652,0.9900619983673096,179.80811644136236,592.1406469452247,0.6685417294502258,243.60623134655896,734.8936753862359,0.5322754383087158,185.11408773700845,732.3414457514044
143,0.9142621825723087,0.9998165369033813,215.09573604283707,66.4618194237184,0.9998818635940552,236.00295163272472,52.132671227615866,0.999814510345459,195.7254268346208,53.28328679116924,0.9992334246635437,270.0272120786517,68.53445674596207,0.9969829320907593,170.0093267205056,67.65316395277388,0.9845315217971802,309.8242461815309,185.1692936929424,0.9395738840103149,143.6320992801966,175.34470461727528,0.9934349060058594,329.9703190835674,313.8792299420646,0.9951839447021484,110.0582645716292,276.2940824701545,0.9975385069847107,290.51088483146066,350.3751261850421,0.8747520446777344,93.72894630003512,312.1073724982444,0.8394157886505127,271.4526641502809,443.995759085323,0.8473565578460693,160.82900829529495,428.7902420558286,0.9124315977096558,254.24173762289325,607.1295646067416,0.9925093054771423,180.0028528792135,590.9060634655899,0.652402400970459,243.44559230161514,735.6861723139044,0.5175973773002625,185.6803568293539,733.3262377106741
144,0.9211403972962323,0.9998028874397278,215.66225201896066,66.65625411472963,0.9998778104782104,236.56639527738764,52.20733299683989,0.999847412109375,195.83095593398878,53.71301200952423,0.9991980791091919,270.32380179073033,68.5951901553722,0.9969186782836914,170.22194851650278,67.92069681574789,0.9818477034568787,309.7949493065309,185.8371828915028,0.925147533416748,145.27127040905896,175.0377869338132,0.9929990172386169,330.46981982970505,314.23663535814603,0.9947733879089355,110.34119338132021,276.5232180477528,0.9977024793624878,289.10211113061797,350.97307869557585,0.8754311800003052,95.32317086551964,313.1413766239466,0.8459380269050598,272.15471932057585,444.39102001404495,0.8669822812080383,162.0308659585674,427.6054742363062,0.9139232635498047,256.72629367099717,610.0190923455056,0.9929986000061035,179.6830560919944,590.7254542661517,0.700498104095459,244.48714009831457,735.1840655723314,0.5755003094673157,186.36609023876406,731.4189233672753
145,0.905360625070684,0.9996645450592041,217.65641458918537,66.65964190879565,0.9998703002929688,230.88735516151684,52.06266596076194,0.9998568892478943,196.45496839887642,53.82681857334094,0.9990241527557373,270.77985099192415,68.67389807540378,0.9975982904434204,170.13688333918537,68.27590770935744,0.9819462299346924,310.0342071190309,186.23506353142557,0.9204645752906799,145.41449043188203,175.52141853932585,0.9937114715576172,330.77729985955057,314.2473610867275,0.9956498146057129,110.05035057496488,277.23739795470505,0.9971730709075928,289.3311095505618,350.84777146242976,0.8445011377334595,94.4102358014396,312.93031842521066,0.8386918902397156,273.1925912921348,444.6534026070927,0.8582841157913208,161.39955670646066,427.038299903441,0.9019333720207214,256.22254103757024,608.3881781074438,0.9926770925521851,179.51931728405896,590.5546655547753,0.5279922485351562,246.04725355512642,735.1168034585673,0.542091429233551,185.6172643082865,732.3574657654494
146,0.9033859792877647,0.9996055960655212,218.4424102440309,66.71579425254565,0.9998873472213745,231.21395496839887,51.962249412965235,0.9998589754104614,196.72165774227528,53.72938520452949,0.9989408254623413,270.8267589097612,68.42243323165378,0.9975997805595398,170.32500877808985,68.11808039633075,0.980826735496521,310.2291904406601,185.63401125790028,0.9087525606155396,145.56017929248594,175.18892095330057,0.9938655495643616,330.4448297050562,313.95529757724717,0.9952678084373474,109.90467543012639,277.36111415905896,0.9974040985107422,290.41901663448033,350.24474411867976,0.8480494618415833,92.45255716731037,312.88845790905896,0.8413312435150146,273.1324339448736,442.9583260182584,0.8496929407119751,161.17769048455057,426.86018697331457,0.8979200124740601,255.34039786692415,607.6962451720506,0.9934643507003784,179.74933067064603,591.6274030021067,0.5243942737579346,244.7355600421348,737.4482641327247,0.5307000875473022,185.47201435217698,732.4585235252808
147,0.9010587246978984,0.9996249675750732,218.5155975684691,66.66008081329002,0.9999002814292908,231.6019191099017,51.84302855073736,0.9998467564582825,196.86265581109552,53.799825946936444,0.9987844228744507,271.30804511938203,68.5619842872191,0.997399628162384,170.53974280196627,68.34244974543539,0.9833215475082397,310.75790576720505,186.19912822594802,0.9147223234176636,145.49209423279495,175.6329688597261,0.9938042759895325,330.77880859375,314.2524907830056,0.9956109523773193,110.44957535990167,276.9770178634129,0.9970436096191406,289.36956855688203,350.8591555477528,0.8552306890487671,93.44520826018257,312.5362096207865,0.864258885383606,273.52887442942415,446.70245567064603,0.8410791158676147,159.55231741573033,427.00820751404495,0.8876820802688599,254.9194061622191,608.9015866397472,0.9929134845733643,179.58150456460675,591.6152782654494,0.4987807273864746,244.05748002984552,737.9940967345506,0.4979945719242096,185.3976474719101,733.1243416432584
148,0.9070448735181023,0.9996126890182495,218.52646045470505,66.55499061841643,0.9999071359634399,231.50752721207863,51.8597137794066,0.9998446702957153,196.89294022120788,53.859108914150276,0.9988765716552734,271.2791048542837,68.7768829002809,0.9970685243606567,170.93900873419943,68.34859440835675,0.9816943407058716,311.73696453651684,185.87907083918537,0.9105747938156128,141.65933330407302,179.15978592433285,0.9930345416069031,330.82343969452245,313.93329748946627,0.9952747821807861,110.7104766502809,277.0409881934691,0.9974925518035889,290.33074196804773,350.67898525280896,0.8480502963066101,94.246826171875,311.67669746313203,0.8716523051261902,272.2221734550562,447.4056081021769,0.8501186370849609,160.1270079880618,428.52692679073033,0.8974152207374573,255.38352023349717,606.8468552492977,0.9932395219802856,179.84454551439603,591.0106324613764,0.5470842123031616,243.80393038974717,737.3609770014044,0.5388220548629761,186.1942042661517,733.2938136411517
149,0.9138972163200378,0.999643862247467,218.08053348841293,66.69695564870084,0.999901294708252,231.26091774929773,51.861428250087776,0.9998477697372437,196.7065978318118,53.75234196695049,0.9989646673202515,271.12883492801967,68.59835163930829,0.9964628219604492,171.1523163184691,68.4704041213132,0.9813269972801208,310.6926187236657,185.81691099016854,0.9091083407402039,140.53332382373594,178.1363978010885,0.9935523867607117,330.66878072331457,313.9543374736657,0.9951425194740295,110.68142665905899,276.6826501053371,0.9972527623176575,291.4497289764747,350.3345000877809,0.8613011240959167,98.25241946102528,308.93689102001406,0.8726683259010315,271.4695071102528,444.2391041959269,0.8509845733642578,160.1439881056882,428.55542815133424,0.903917670249939,257.02943951896066,607.6819807759831,0.9901564121246338,179.8434208216292,591.3619755091293,0.6644266843795776,243.37660200140448,735.2862754564607,0.5215944647789001,185.48049069522472,733.1445861130618
150,0.9188304333125844,0.9997122883796692,217.2039040554775,65.92041015625,0.9999019503593445,230.54673784234552,51.24137964141503,0.9998528957366943,196.81506210498594,53.19853021857444,0.9991313219070435,270.7075689080056,67.82986415905899,0.9953198432922363,170.93108102176967,67.1466064453125,0.9809656739234924,310.8611854810393,186.4864872278792,0.9224762320518494,144.21084971910113,175.58301604195927,0.9945058822631836,330.6438180301966,313.8209379389045,0.9951955080032349,111.10485977001403,276.37390822507024,0.9969649314880371,288.35600092169943,351.0151586639747,0.8642057180404663,90.42287076457163,314.6642929248595,0.782242476940155,271.19694741924155,450.13562148876406,0.8504763841629028,159.8283334796348,425.8466742011938,0.9205174446105957,259.50538206636236,606.749692766854,0.9805580973625183,179.6341456724017,592.8947945926966,0.7701039910316467,243.4468815835674,733.5822836200842,0.5679867267608643,184.54987600948033,732.7776619557584
151,0.9201729087268605,0.9997144937515259,217.06323516502806,66.05191005749649,0.9998975992202759,230.31233541081457,51.33628588044242,0.9998555183410645,196.50371422928367,53.260127721207866,0.9991451501846313,270.63506737183985,67.83358113149579,0.9957774877548218,170.96383426966293,67.40974340545996,0.9811416864395142,311.5934427668539,186.23236152563203,0.9177889823913574,143.93387355161514,175.70238434866573,0.9943630695343018,331.01389681355334,314.06148503335675,0.9961245059967041,110.7273196102528,276.30154384655896,0.9962385296821594,287.2375625438904,351.09114400456457,0.8598186373710632,89.64898613061797,313.90764900807585,0.7840878963470459,273.8956339975421,443.8227758514747,0.856284499168396,158.9498935656601,426.54198121488764,0.9378024339675903,257.65249188026684,605.7407610603932,0.9744299650192261,179.7586299596208,592.4613764044943,0.7539737224578857,243.78936424683985,734.1434778792135,0.5964952707290649,185.54983760533707,733.1708655196629
